100.0
100.0
100.0
100.0
100.0
100.0
100.0
100.0
99.5
98.5
100.0
100.0
97.0
100.0
96.5
100.0
100.0
100.0
100.0
97.5
98.0
98.0
99.5
98.0
98.0
98.0
98.0
97.5
96.5
98.0
98.5
96.5
99.0
100.0
96.0
97.5
98.0
99.5
99.5
98.0
96.5
96.5
97.5
99.5
96.0
96.0
95.5
99.5
96.5
97.5
99.5
97.5
96.0
99.0
96.0
96.0
97.0
96.0
97.0
99.0
95.5
100.0
98.0
95.5
99.5
99.5
99.0
97.5
99.0
99.5
99.0
99.0
99.5
98.0
99.5
96.0
96.0
96.5
96.0
99.0
99.0
96.0
97.0
96.0
99.0
95.5
99.0
99.0
99.5
99.0
95.5
99.5
98.0
99.5
95.5
99.5
97.5
99.0
97.5
97.0
99.5
96.0
98.0
95.5
99.0
99.5
97.5
99.5
97.5
95.5
98.0
96.0
96.5
95.5
97.5
99.5
96.0
99.0
96.0
99.5
96.0
99.0
99.0
96.0
97.5
98.0
95.5
99.0
97.5
99.0
99.5
99.0
97.5
96.0
98.0
98.0
96.0
99.5
99.5
97.5
96.0
99.5
96.0
99.0
95.5
99.0
96.0
99.0
96.0
99.0
99.5
99.5
95.5
97.5
98.0
99.0
96.0
99.0
99.0
97.0
96.0
99.0
97.5
95.5
97.5
98.0
97.0
96.0
97.5
96.0
99.5
99.0
96.5
97.5
99.0
99.0
98.0
95.5
97.5
99.0
96.0
99.5
96.0
100.0
96.0
96.0
98.0
96.5
96.0
96.0
97.0
97.5
99.5
96.0
97.5
96.0
99.5
98.0
97.5
99.0
99.5
99.0
96.0
97.5
97.5
95.5
96.0
99.5
97.5
96.5
96.5
97.5
99.0
100.0
99.0
96.0
99.0
98.0
99.5
95.5
96.0
96.0
98.0
97.5
99.0
97.5
94.5
86.0
97.5
99.5
96.0
98.0
96.0
99.0
97.5
96.0
99.5
99.0
97.5
97.5
99.5
97.5
99.5
97.5
98.0
97.5
97.5
98.0
100.0
96.5
