328.6
328.6
940.6
940.6
864.4
864.4
926.08
926.08
865.6
865.6
731.9200000000001
731.9200000000001
11.900000000000176
11.900000000000176
555.8100000000002
555.8100000000002
745.6500000000001
745.6500000000001
760.7700000000001
760.7700000000001
701.6800000000001
701.6800000000001
716.6100000000001
716.6100000000001
643.0000000000001
643.0000000000001
28.95000000000025
28.95000000000025
25.42000000000013
25.42000000000013
683.44
683.44
535.8000000000002
535.8000000000002
445.2700000000001
445.2700000000001
609.7900000000002
609.7900000000002
520.2700000000001
520.2700000000001
626.6800000000001
626.6800000000001
1.2700000000002944
1.2700000000002944
77.25000000000023
77.25000000000023
633.7900000000002
633.7900000000002
611.9700000000001
611.9700000000001
490.82000000000016
490.82000000000016
522.6400000000001
522.6400000000001
612.7600000000001
612.7600000000001
474.12000000000035
474.12000000000035
23.230000000000302
23.230000000000302
47.830000000000126
47.830000000000126
897.09
897.09
581.5400000000002
581.5400000000002
581.1300000000001
581.1300000000001
642.2100000000002
642.2100000000002
611.1800000000001
611.1800000000001
552.09
552.09
18.910000000000196
18.910000000000196
6.980000000000231
6.980000000000231
898.48
898.48
521.2500000000001
521.2500000000001
609.9800000000001
609.9800000000001
672.4500000000002
672.4500000000002
568.4100000000001
568.4100000000001
552.2800000000001
552.2800000000001
2.400000000000176
2.400000000000176
74.35000000000028
74.35000000000028
695.44
695.44
625.89
625.89
444.6700000000002
444.6700000000002
523.0500000000002
523.0500000000002
566.4200000000002
566.4200000000002
612.1600000000001
612.1600000000001
29.73000000000026
29.73000000000026
77.28000000000011
77.28000000000011
537.5700000000002
537.5700000000002
717.4000000000001
717.4000000000001
704.0800000000002
704.0800000000002
505.56000000000006
505.56000000000006
642.4000000000001
642.4000000000001
15.02000000000021
15.02000000000021
3.4800000000003877
3.4800000000003877
597.6400000000001
597.6400000000001
627.0900000000001
627.0900000000001
597.07
597.07
598.6500000000001
598.6500000000001
598.0500000000001
598.0500000000001
12.500000000000313
12.500000000000313
173.90000000000003
173.90000000000003
644.8000000000001
644.8000000000001
596.6600000000002
596.6600000000002
582.3300000000002
582.3300000000002
659.32
659.32
703.2900000000001
703.2900000000001
