988.0
988.0
988.0
988.0
988.6
988.0
957.76
988.0
942.64
988.0
988.0
988.0
988.0
988.6
973.48
988.0
988.0
988.0
988.0
913.6
913.0
958.96
943.24
958.96
957.76
958.36
958.36
897.69
973.48
957.76
988.0
973.48
882.57
988.0
928.72
913.6
958.36
943.24
943.84
942.64
973.48
973.48
913.6
943.24
912.8100000000001
928.72
883.96
943.24
974.08
913.0
943.84
882.57
913.4100000000001
882.57
913.4100000000001
928.72
852.33
914.01
851.73
898.48
868.0500000000001
988.0
958.36
852.1400000000001
943.24
943.24
882.5699999999999
898.8900000000001
882.57
913.0
899.08
897.88
943.24
943.24
943.24
928.72
912.8100000000001
958.36
913.6
898.48
866.0600000000001
929.32
868.24
928.72
898.48
883.96
898.48
898.48
943.24
898.48
883.96
943.24
958.36
943.84
883.36
943.84
896.49
898.48
882.3800000000001
852.9300000000001
943.24
928.72
958.96
868.0500000000001
882.57
943.24
897.69
943.24
913.6
883.36
958.36
928.72
973.48
868.05
913.6
944.4399999999999
928.12
866.6600000000001
928.72
943.24
928.72
898.48
898.48
929.3199999999999
897.09
943.24
883.36
898.48
897.69
898.48
943.24
882.57
913.0
912.8100000000001
958.36
958.96
928.72
927.33
943.84
913.6
928.72
944.4399999999999
928.72
898.48
868.0500000000001
897.88
928.72
898.48
928.72
898.48
943.24
943.84
883.36
913.0
942.4499999999999
881.97
912.8100000000001
882.57
898.48
868.84
913.4100000000001
898.48
913.6
883.96
913.6
958.36
852.9300000000001
928.72
897.69
928.72
943.24
898.48
973.48
899.08
897.88
898.48
958.96
883.96
897.69
898.48
928.72
943.24
928.72
988.0
928.72
928.72
943.84
973.48
928.72
929.3199999999999
852.33
913.6
943.24
913.41
882.98
928.72
943.24
958.36
913.6
898.48
943.24
898.48
928.72
913.6
913.6
868.0500000000001
928.72
943.24
913.6
973.48
973.48
898.89
883.1700000000001
958.36
883.1700000000001
928.72
882.57
959.56
943.84
883.96
928.72
928.72
943.65
913.6
883.36
913.6
944.4399999999999
929.9200000000001
914.2
942.64
929.9200000000001
957.76
896.9000000000001
898.48
913.6
929.32
943.24
898.48
898.29
913.0
928.72
913.0
943.24
914.2
960.16
897.69
913.6
943.84
973.48
974.68
