328.6
328.6
11.900000000000176
11.900000000000176
555.8100000000002
555.8100000000002
28.95000000000025
28.95000000000025
25.42000000000013
25.42000000000013
683.44
683.44
1.2700000000002944
1.2700000000002944
77.25000000000023
77.25000000000023
633.7900000000002
633.7900000000002
23.230000000000302
23.230000000000302
47.830000000000126
47.830000000000126
897.09
897.09
18.910000000000196
18.910000000000196
6.980000000000231
6.980000000000231
898.48
898.48
2.400000000000176
2.400000000000176
74.35000000000028
74.35000000000028
695.44
695.44
29.73000000000026
29.73000000000026
77.28000000000011
77.28000000000011
15.02000000000021
15.02000000000021
3.4800000000003877
3.4800000000003877
12.500000000000313
12.500000000000313
173.90000000000003
173.90000000000003
