0
1
1
1
1
1
1
1
1
1
1
2
2
2
2
2
2
2
2
2
2
2
2
2
2
2
2
2
2
2
2
2
2
2
2
2
2
2
2
2
2
2
2
2
2
2
2
2
2
2
2
2
2
2
2
2
3
3
3
3
3
4
4
4
4
4
4
4
5
5
5
6
6
6
6
6
6
6
6
7
7
7
7
7
7
7
7
7
7
7
7
8
8
8
8
9
9
9
9
10
10
10
10
10
10
10
10
10
10
10
10
10
10
10
11
11
11
11
11
12
12
12
12
12
12
12
12
12
13
13
13
13
13
13
13
13
13
15
15
15
15
15
15
15
15
15
15
15
15
15
15
15
15
15
15
15
15
15
15
15
16
16
16
16
16
16
16
16
16
16
16
16
16
16
16
16
16
17
17
17
17
17
17
17
17
17
18
18
18
18
18
18
18
18
18
18
18
18
18
18
18
18
18
19
19
19
19
19
19
19
19
19
19
19
19
19
19
19
19
19
19
19
20
20
20
20
21
21
21
21
21
21
21
21
21
21
21
21
21
21
21
21
21
21
21
21
21
21
21
21
21
21
21
21
21
21
21
21
21
21
21
21
21
21
21
21
21
21
21
21
21
21
21
21
21
21
21
21
21
21
22
22
22
22
23
23
23
23
23
23
23
23
23
23
23
23
23
23
23
23
23
23
23
23
24
24
25
25
25
25
26
26
26
26
26
27
27
27
27
27
27
27
27
27
27
27
27
27
27
27
27
27
27
27
27
28
28
28
29
29
29
29
29
29
29
30
30
30
30
30
30
30
30
30
30
30
30
30
30
30
30
30
31
31
31
31
31
32
32
32
32
32
32
32
32
32
32
32
32
32
32
32
32
32
33
33
33
33
35
35
35
35
35
35
35
35
35
35
35
35
35
35
35
35
35
35
35
36
36
36
36
36
36
36
36
36
36
36
36
36
36
36
36
37
37
37
37
37
38
38
38
38
39
39
39
39
39
39
39
39
39
39
40
40
40
40
40
40
40
40
40
40
41
41
41
41
41
41
42
43
43
43
43
43
43
43
43
43
43
43
44
44
44
44
44
44
44
45
45
45
45
45
45
45
45
45
45
46
46
46
46
46
46
46
46
46
46
46
47
47
47
47
47
47
47
47
47
47
47
47
47
47
47
47
47
47
47
48
48
49
50
50
50
50
50
50
50
50
50
50
50
50
51
51
51
51
51
51
51
51
51
51
51
51
51
51
51
51
52
52
52
52
52
52
52
52
52
52
52
52
52
52
52
53
53
53
53
54
54
54
54
54
54
54
54
54
54
54
54
54
54
54
54
54
54
54
54
54
54
54
54
54
54
54
54
54
54
54
54
54
54
54
54
54
54
54
54
54
54
54
54
54
54
54
54
54
54
55
55
55
55
55
55
55
55
55
55
55
55
55
55
55
55
55
55
55
55
55
55
55
55
55
55
55
55
55
55
55
56
56
56
56
56
56
56
56
56
56
56
56
56
56
57
57
57
57
57
57
57
57
57
58
59
59
59
59
59
59
59
59
59
59
59
59
59
59
59
59
59
59
59
59
59
59
59
59
60
60
60
60
60
60
60
60
60
60
60
60
60
60
60
60
60
60
60
60
60
60
60
60
60
61
61
61
61
61
61
61
62
62
62
62
62
62
62
62
62
62
63
63
63
63
63
63
63
63
63
64
64
64
64
64
64
64
64
64
64
64
65
65
65
65
65
65
65
65
65
65
65
66
66
66
66
66
66
66
66
66
66
66
66
66
67
67
67
67
67
67
67
67
67
67
67
67
67
67
67
67
67
67
67
67
67
67
67
67
67
67
67
67
67
67
67
67
67
67
67
67
67
67
67
67
67
67
67
67
67
67
67
67
67
68
68
68
68
68
68
68
68
68
68
69
69
69
69
69
69
69
69
69
69
69
69
69
69
69
69
69
69
69
69
69
69
69
69
69
69
69
69
69
69
69
69
69
69
69
69
69
69
69
69
70
70
70
70
70
70
70
70
70
70
70
70
70
70
70
70
70
70
70
72
72
72
72
72
72
72
72
72
72
72
73
73
73
73
73
73
73
73
73
73
73
74
74
74
74
75
75
75
75
75
75
75
75
75
75
75
75
75
75
75
75
75
75
75
75
76
76
76
76
76
76
76
77
77
78
78
78
79
79
79
79
79
79
79
79
79
79
79
79
79
79
79
79
79
79
79
79
79
79
79
79
79
79
79
79
79
79
79
79
79
79
79
79
79
79
79
79
79
79
79
79
80
80
80
80
80
80
80
80
80
80
80
80
80
80
80
80
81
81
81
81
81
81
81
81
81
81
81
81
81
81
81
81
81
81
81
81
81
81
81
81
81
81
81
81
81
81
81
81
81
81
81
82
82
82
82
82
82
83
83
83
83
83
83
83
83
83
83
83
83
83
83
83
84
84
84
84
84
84
84
84
84
84
84
84
86
86
86
86
86
86
86
86
86
86
86
86
86
86
86
87
87
87
87
88
88
88
88
88
88
88
89
89
89
89
89
89
89
89
89
89
89
89
89
90
90
91
91
91
91
91
91
91
91
91
92
92
92
92
92
92
92
92
92
92
92
92
92
92
92
93
93
93
93
93
93
93
93
93
93
93
93
93
93
93
93
93
93
93
93
93
94
94
94
94
94
94
94
94
94
94
94
94
94
94
94
94
94
94
94
94
94
94
94
94
95
95
95
95
95
95
95
95
95
95
95
95
95
95
95
95
95
95
95
95
95
95
95
95
95
95
96
96
96
96
96
96
96
96
96
96
96
97
97
97
97
98
98
98
98
98
98
98
98
98
98
98
98
100
100
100
100
100
100
100
101
101
101
101
101
101
101
101
101
101
101
101
101
101
102
102
103
104
104
104
104
104
104
104
104
104
104
104
104
104
104
104
104
104
104
104
104
104
104
104
104
104
104
104
104
104
104
104
104
104
104
104
104
105
105
106
106
106
106
106
107
107
107
108
108
108
108
108
108
108
108
108
108
108
108
108
108
108
108
108
108
108
108
109
109
109
110
110
110
111
111
111
111
112
112
112
112
112
113
113
113
113
113
113
113
113
113
113
113
113
113
113
114
114
114
114
114
114
114
114
114
115
115
115
116
117
117
117
117
117
117
117
117
117
117
117
117
117
117
117
117
117
117
117
117
117
118
118
118
118
118
118
118
118
119
119
119
119
119
119
119
119
119
119
119
119
119
120
120
120
120
120
120
120
120
120
120
120
120
120
120
120
120
120
122
122
122
122
122
122
122
122
122
122
123
123
123
123
123
123
124
124
125
125
125
125
126
126
126
126
126
127
127
128
128
128
128
128
128
128
128
128
128
128
129
129
129
129
129
130
130
130
130
130
130
130
130
130
130
130
130
130
130
130
130
130
130
131
132
133
133
133
133
133
133
133
133
133
134
134
134
135
135
135
137
139
139
139
139
139
139
140
140
141
142
142
143
144
144
144
144
144
144
144
144
146
146
146
146
147
147
147
147
148
148
148
148
148
148
148
148
148
148
148
148
148
148
148
149
149
149
149
149
149
150
150
151
151
152
152
154
154
154
154
154
154
154
155
156
156
156
156
156
156
157
157
157
158
159
159
159
159
159
160
160
160
160
160
160
160
160
160
160
160
160
161
161
161
161
163
163
163
163
163
164
164
164
164
165
166
166
167
171
171
171
173
173
173
173
174
177
177
177
177
178
178
179
179
179
179
179
179
179
179
179
179
179
179
180
180
181
181
181
181
182
182
182
182
182
183
183
183
183
183
183
183
183
184
185
185
185
185
185
185
186
187
188
188
188
188
188
188
189
189
190
191
191
191
192
192
192
193
193
193
193
194
196
198
198
199
201
201
201
201
201
201
201
201
201
202
202
202
202
202
202
202
202
202
203
203
203
203
204
204
204
204
204
205
206
206
208
208
208
208
209
209
209
209
209
210
210
210
210
212
213
213
213
213
213
213
213
213
213
213
213
213
213
213
213
214
214
214
214
215
216
216
216
216
216
217
217
217
217
217
217
218
218
218
219
219
219
219
219
219
219
219
219
219
220
221
221
221
222
222
223
223
224
225
225
225
229
230
230
232
234
235
235
238
239
240
240
241
242
243
244
244
246
247
248
249
249
249
250
250
251
251
251
251
251
251
251
253
254
255
256
258
260
260
261
262
262
263
263
263
264
264
264
265
266
266
267
267
267
268
269
269
269
269
269
270
271
273
274
274
274
275
277
278
278
279
280
280
281
282
282
282
282
283
283
284
284
286
287
288
288
288
290
291
292
293
293
293
293
294
294
294
295
295
296
297
299
300
300
301
301
302
302
302
302
302
302
303
305
306
307
307
307
308
310
310
312
312
312
313
314
314
316
316
316
316
316
318
318
318
320
320
320
320
320
321
321
321
321
321
321
321
322
323
324
324
326
326
327
327
327
328
328
328
328
329
330
330
330
332
334
335
336
337
339
339
340
346
347
347
350
350
350
353
354
355
358
361
362
362
364
364
365
366
368
369
369
371
372
373
375
375
375
375
376
377
377
377
378
378
379
380
381
381
383
384
384
384
385
386
387
387
387
388
389
390
390
390
391
391
392
392
393
396
397
397
398
399
401
402
402
403
403
403
403
403
404
404
405
405
405
405
406
406
407
408
408
408
409
410
411
412
413
415
415
416
418
419
419
419
420
421
422
426
428
430
430
432
433
433
434
435
436
437
439
440
440
441
442
442
442
443
444
445
445
445
445
445
445
445
445
446
449
449
451
452
459
462
464
467
469
477
477
477
477
478
481
482
484
487
487
487
488
488
490
490
490
491
492
492
493
496
496
496
496
496
499
499
500
501
505
506
506
506
507
509
511
514
515
515
518
520
521
521
524
525
525
525
525
526
528
531
531
532
534
535
536
537
538
539
541
547
552
552
552
554
554
556
556
558
558
560
561
563
564
565
567
567
567
568
569
569
569
571
572
573
575
575
575
575
575
578
578
579
587
588
588
589
590
591
593
594
594
596
597
597
597
598
599
600
603
603
606
608
609
610
617
618
622
622
623
624
624
625
626
628
629
630
631
631
631
632
632
633
637
638
638
639
639
639
641
642
643
643
648
648
648
648
648
649
651
653
654
654
654
655
656
657
657
658
659
659
660
660
664
666
667
671
671
672
673
675
676
676
676
676
676
677
677
677
677
680
680
680
680
680
681
683
685
686
687
687
688
689
691
691
692
692
695
695
696
698
699
700
701
702
703
703
703
705
706
707
710
711
712
715
716
717
719
719
725
725
725
731
731
732
736
738
739
741
741
742
743
743
744
745
747
747
747
749
750
751
752
753
755
756
756
757
758
759
760
763
768
772
773
778
778
784
786
787
792
793
793
793
794
794
794
794
795
796
796
796
796
797
797
800
801
801
801
802
802
804
806
809
811
812
815
816
816
817
817
819
823
825
828
828
829
831
833
833
838
839
842
844
845
847
848
850
850
850
851
851
852
852
861
862
863
863
864
864
865
866
867
868
870
870
871
872
873
873
874
874
874
875
875
876
877
878
878
880
884
885
887
888
888
888
890
890
891
892
898
899
899
899
901
904
905
907
912
913
913
913
915
915
918
920
920
920
920
924
925
925
926
926
927
927
927
928
928
930
931
931
931
931
931
931
932
933
934
934
936
938
939
939
939
942
943
944
945
946
948
955
956
958
960
962
963
964
972
973
976
976
986
987
987
988
992
992
993
995
997
998
998
998
998
1004
1004
1006
1007
1007
1007
1008
1013
1015
1016
1016
1019
1021
1023
1024
1026
1026
1026
1028
1033
1033
1034
1035
1035
1036
1036
1041
1043
1044
1044
1045
1045
1046
1048
1050
1052
1053
1058
1059
1059
1059
1060
1064
1064
1070
1070
1076
1081
1081
1081
1082
1082
1082
1083
1083
1084
1090
1092
1098
1098
1100
1101
1104
1104
1105
1107
1108
1110
1116
1116
1120
1122
1123
1124
1124
1125
1125
1126
1126
1126
1126
1127
1129
1130
1136
1136
1138
1138
1139
1140
1143
1144
1144
1150
1151
1153
1154
1154
1157
1158
1159
1159
1159
1161
1162
1163
1163
1163
1163
1165
1167
1173
1173
1174
1175
1176
1176
1177
1177
1177
1178
1178
1180
1190
1191
1193
1197
1199
1205
1205
1207
1207
1207
1207
1207
1213
1214
1214
1215
1217
1219
1222
1224
1225
1227
1227
1227
1229
1230
1231
1231
1231
1233
1234
1235
1235
1236
1236
1239
1239
1240
1241
1242
1243
1246
1246
1248
1249
1249
1250
1251
1251
1253
1253
1253
1255
1256
1256
1259
1260
1264
1264
1264
1264
1264
1265
1266
1269
1271
1271
1272
1272
1273
1274
1276
1276
1285
1286
1289
1290
1292
1292
1293
1297
1299
1305
1305
1305
1305
1306
1310
1310
1314
1315
1318
1319
1320
1320
1321
1321
1321
1322
1322
1322
1322
1324
1324
1325
1326
1327
1331
1332
1333
1338
1338
1342
1343
1344
1344
1345
1347
1347
1349
1351
1356
1357
1357
1357
1357
1358
1359
1361
1361
1363
1367
1368
1369
1374
1378
1378
1380
1380
1382
1383
1383
1383
1383
1385
1387
1387
1391
1395
1396
1396
1397
1401
1403
1406
1408
1408
1409
1411
1412
1412
1413
1413
1413
1413
1414
1416
1417
1417
1418
1418
1419
1420
1421
1421
1422
1422
1422
1422
1423
1425
1426
1427
1427
1429
1431
1433
1433
1434
1435
1440
1440
1440
1441
1441
1442
1443
1443
1443
1443
1444
1444
1445
1445
1447
1448
1448
1448
1448
1455
1457
1463
1468
1470
1476
1476
1476
1477
1478
1470
1471
1473
1473
1473
1479
1479
1482
1482
1483
1483
1483
1483
1484
1484
1485
1491
1494
1494
1494
1498
1498
1499
1501
1502
1506
1508
1509
1509
1510
1511
1515
1515
1515
1517
1518
1519
1519
1520
1520
1522
1523
1526
1526
1527
1528
1530
1531
1532
1532
1533
1535
1536
1540
1542
1543
1543
1543
1543
1548
1553
1553
1553
1553
1555
1555
1555
1556
1557
1559
1561
1561
1561
1561
1562
1564
1564
1565
1567
1568
1568
1568
1568
1570
1571
1575
1575
1575
1577
1580
1580
1580
1581
1581
1581
1581
1581
1582
1584
1588
1589
1590
1591
1591
1592
1596
1597
1597
1599
1600
1602
1602
1605
1605
1605
1605
1607
1608
1609
1610
1610
1610
1610
1610
1610
1610
1611
1612
1612
1613
1613
1614
1614
1620
1620
1621
1621
1621
1622
1623
1625
1631
1632
1632
1633
1634
1635
1635
1636
1638
1638
1638
1638
1638
1638
1638
1645
1646
1647
1648
1650
1652
1652
1652
1654
1654
1655
1655
1659
1661
1661
1662
1663
1667
1672
1673
1673
1673
1674
1674
1674
1674
1675
1677
1677
1678
1678
1678
1680
1680
1686
1686
1687
1688
1691
1691
1693
1693
1695
1697
1697
1698
1698
1699
1700
1701
1702
1703
1706
1710
1710
1714
1715
1716
1717
1717
1718
1718
1719
1720
1721
1722
1723
1724
1725
1730
1732
1732
1736
1738
1738
1739
1742
1747
1747
1747
1747
1747
1749
1750
1750
1755
1755
1755
1756
1756
1757
1758
1762
1762
1762
1762
1762
1762
1764
1764
1764
1765
1766
1766
1767
1767
1768
1770
1770
1771
1779
1781
1781
1783
1784
1784
1784
1784
1784
1784
1785
1791
1792
1795
1795
1796
1796
1796
1797
1799
1800
1802
1802
1802
1806
1808
1808
1809
1809
1809
1810
1813
1813
1814
1818
1818
1822
1824
1826
1825
1826
1827
1827
1828
1829
1830
1830
1830
1832
1835
1835
1836
1837
1838
1838
1841
1841
1845
1846
1849
1849
1850
1850
1850
1852
1853
1853
1853
1855
1855
1855
1856
1857
1858
1859
1860
1860
1863
1864
1864
1864
1866
1870
1871
1871
1873
1873
1873
1873
1873
1873
1874
1875
1875
1875
1876
1878
1880
1881
1881
1881
1881
1881
1883
1884
1884
1885
1886
1886
1887
1888
1889
1889
1889
1889
1893
1895
1895
1896
1896
1900
1900
1902
1906
1908
1910
1915
1917
1919
1919
1920
1921
1921
1921
1921
1926
1926
1927
1928
1930
1930
1931
1931
1931
1932
1932
1936
1936
1936
1937
1941
1942
1942
1942
1942
1942
1942
1942
1944
1944
1946
1947
1948
1949
1952
1952
1952
1946
1946
1947
1947
1947
1947
1947
1947
1948
1949
1952
1953
1949
1949
1949
1949
1950
1951
1953
1954
1956
1956
1960
1960
1960
1961
1965
1965
1967
1968
1969
1969
1970
1970
1971
1971
1972
1976
1979
1978
1980
1984
1985
1985
1990
1992
1994
1995
1997
1998
1998
1999
1999
1999
1999
2000
2001
2002
2006
2007
2011
2011
2011
2012
2013
2017
2022
2029
2029
2029
2029
2029
2029
2029
2030
2031
2031
2031
2032
2036
2041
2042
2047
2048
2050
2050
2050
2050
2051
2052
2052
2056
2057
2058
2059
2064
2064
2064
2068
2069
2071
2071
2071
2071
2071
2078
2078
2082
2082
2084
2084
2085
2085
2085
2086
2086
2086
2086
2088
2088
2089
2089
2091
2092
2092
2089
2089
2089
2091
2093
2093
2094
2096
2097
2097
2097
2098
2099
2099
2101
2102
2102
2103
2104
2097
2098
2098
2098
2098
2098
2099
2099
2101
2101
2102
2102
2102
2104
2104
2105
2106
2107
2107
2108
2108
2108
2112
2114
2116
2116
2117
2118
2118
2119
2121
2122
2122
2122
2123
2125
2125
2125
2125
2125
2125
2127
2129
2129
2130
2133
2135
2137
2137
2137
2137
2137
2138
2138
2135
2135
2135
2141
2142
2142
2142
2148
2148
2149
2150
2150
2154
2156
2157
2158
2159
2159
2160
2160
2160
2162
2162
2162
2163
2163
2164
2165
2165
2171
2176
2177
2177
2181
2181
2181
2182
2182
2182
2186
2186
2186
2186
2187
2187
2189
2191
2192
2192
2192
2188
2188
2189
2189
2189
2191
2193
2193
2194
2196
2198
2202
2202
2204
2204
2205
2206
2207
2208
2208
2212
2214
2214
2214
2218
2218
2219
2223
2225
2225
2225
2226
2227
2231
2232
2232
2232
2234
2234
2234
2234
2243
2244
2244
2244
2249
2250
2250
2250
2250
2251
2251
2253
2253
2253
2254
2255
2256
2258
2259
2259
2259
2259
2259
2259
2262
2263
2263
2263
2263
2263
2264
2268
2272
2274
2274
2274
2278
2280
2280
2281
2285
2287
2291
2293
2294
2295
2294
2295
2295
2295
2300
2300
2301
2301
2302
2304
2304
2304
2304
2304
2304
2304
2305
2306
2308
2310
2311
2312
2312
2308
2309
2309
2309
2315
2315
2323
2323
2326
2328
2329
2329
2336
2337
2337
2340
2340
2341
2343
2346
2347
2347
2348
2349
2349
2353
2353
2360
2360
2360
2360
2362
2362
2362
2362
2363
2364
2355
2357
2358
2358
2358
2358
2360
2361
2368
2369
2369
2371
2371
2375
2375
2376
2377
2377
2378
2379
2381
2381
2381
2381
2381
2384
2384
2386
2388
2388
2388
2389
2390
2392
2393
2394
2395
2388
2387
2388
2388
2390
2391
2392
2392
2392
2393
2394
2396
2396
2397
2398
2398
2399
2402
2406
2406
2410
2411
2416
2416
2417
2414
2418
2418
2419
2420
2420
2420
2420
2423
2424
2424
2424
2424
2424
2425
2425
2425
2425
2425
2425
2426
2426
2426
2427
2427
2428
2428
2429
2434
2435
2435
2435
2437
2437
2437
2437
2439
2439
2439
2440
2442
2448
2448
2449
2449
2454
2454
2455
2457
2463
2462
2462
2462
2462
2463
2464
2468
2469
2469
2470
2471
2473
2473
2473
2473
2475
2475
2475
2479
2479
2481
2483
2483
2483
2483
2484
2485
2485
2487
2487
2487
2490
2490
2491
2493
2495
2496
2496
2496
2499
2502
2502
2502
2502
2502
2504
2498
2498
2498
2498
2499
2502
2502
2500
2500
2500
2501
2501
2505
2506
2507
2507
2507
2509
2509
2509
2509
2510
2510
2510
2510
2511
2512
2514
2514
2514
2516
2516
2516
2518
2521
2524
2528
2528
2529
2533
2533
2533
2535
2540
2540
2541
2543
2545
2545
2545
2546
2547
2547
2547
2551
2552
2553
2553
2555
2555
2556
2550
2551
2552
2553
2555
2555
2555
2547
2551
2551
2551
2553
2553
2555
2555
2555
2557
2559
2559
2559
2560
2562
2562
2562
2562
2562
2560
2561
2562
2563
2565
2567
2568
2569
2569
2571
2572
2574
2575
2578
2579
2579
2580
2582
2582
2582
2584
2584
2578
2580
2580
2580
2580
2580
2580
2580
2583
2585
2587
2588
2589
2593
2593
2594
2594
2594
2595
2596
2593
2593
2593
2593
2593
2593
2595
2595
2596
2597
2597
2598
2598
2602
2604
2606
2606
2607
2605
2605
2605
2605
2605
2607
2607
2608
2608
2612
2612
2612
2612
2612
2612
2613
2613
2613
2617
2617
2621
2621
2621
2622
2622
2626
2627
2628
2626
2627
2628
2629
2630
2630
2627
2627
2624
2623
2625
2625
2626
2627
2629
2630
2630
2630
2630
2630
2630
2630
2632
2632
2632
2632
2633
2634
2634
2634
2634
2636
2636
2642
2642
2643
2643
2643
2640
2638
2639
2639
2639
2639
2640
2641
2642
2643
2644
2645
2645
2645
2646
2648
2648
2648
2648
2650
2650
2651
2653
2654
2656
2656
2656
2655
2656
2656
2657
2658
2660
2661
2661
2663
2665
2666
2667
2667
2671
2671
2674
2674
2674
2674
2675
2675
2676
2676
2681
2681
2681
2682
2682
2683
2684
2684
2689
2694
2697
2699
2700
2706
2707
2706
2706
2706
2708
2708
2708
2708
2712
2712
2712
2712
2712
2712
2712
2712
2712
2713
2715
2715
2717
2719
2717
2717
2718
2718
2720
2724
2728
2728
2729
2729
2730
2730
2730
2731
2735
2737
2737
2738
2739
2740
2740
2740
2741
2741
2742
2742
2742
2742
2743
2743
2744
2744
2745
2749
2751
2751
2751
2751
2757
2758
2758
2762
2764
2764
2757
2757
2757
2758
2759
2759
2761
2760
2762
2762
2764
2764
2764
2764
2764
2764
2765
2765
2771
2772
2773
2774
2775
2775
2776
2780
2780
2781
2781
2782
2784
2784
2784
2784
2784
2786
2794
2795
2796
2797
2798
2798
2799
2799
2799
2799
2800
2801
2802
2803
2805
2806
2807
2813
2814
2815
2815
2816
2816
2816
2817
2817
2817
2818
2818
2818
2818
2818
2817
2817
2817
2817
2817
2818
2818
2820
2826
2826
2826
2827
2831
2831
2833
2833
2830
2830
2834
2829
2832
2832
2834
2834
2834
2835
2837
2833
2833
2837
2837
2837
2837
2838
2838
2839
2839
2840
2841
2841
2841
2838
2839
2839
2843
2845
2845
2847
2847
2847
2847
2848
2848
2849
2849
2850
2850
2852
2852
2853
2856
2858
2861
2861
2861
2862
2861
2867
2868
2868
2874
2875
2876
2878
2878
2879
2880
2880
2884
2885
2885
2887
2888
2890
2890
2890
2891
2892
2894
2894
2896
2896
2896
2896
2897
2899
2899
2898
2893
2895
2895
2897
2897
2898
2898
2898
2900
2900
2900
2900
2900
2900
2900
2902
2902
2902
2902
2894
2894
2895
2896
2896
2898
2899
2899
2899
2891
2891
2891
2891
2891
2891
2891
2891
2891
2891
2891
2891
2885
2885
2885
2885
2885
2887
2887
2887
2888
2889
2889
2891
2891
2891
2891
2891
2891
2892
2888
2889
2889
2889
2890
2891
2880
2880
2880
2875
2875
2876
2876
2876
2878
2881
2881
2883
2884
2885
2885
2885
2885
2885
2885
2885
2885
2885
2885
2885
2883
2883
2883
2877
2877
2877
2877
2863
2857
2857
2857
2857
2857
2858
2858
2858
2856
2856
2859
2859
2858
2858
2853
2853
2853
2854
2854
2855
2856
2851
2851
2851
2851
2851
2851
2851
2851
2851
2853
2844
2841
2841
2835
2829
2829
2829
2829
2829
2830
2827
2829
2829
2829
2829
2829
2829
2831
2832
2835
2837
2837
2837
2837
2837
2831
2831
2831
2831
2831
2831
2831
2832
2834
2834
2834
2834
2828
2828
2828
2828
2830
2831
2832
2832
2832
2832
2832
2827
2827
2823
2823
2823
2823
2825
2827
2827
2822
2822
2822
2822
2822
2824
2824
2824
2824
2818
2818
2818
2819
2819
2819
2820
2821
2818
2816
2816
2816
2816
2819
2819
2819
2819
2820
2820
2820
2822
2822
2822
2822
2826
2827
2827
2827
2826
2826
2820
2820
2820
2822
2822
2825
2825
2826
2819
2819
2813
2813
2813
2813
2814
2814
2814
2814
2808
2808
2803
2803
2803
2803
2804
2805
2804
2798
2800
2801
2801
2801
2801
2801
2802
2802
2799
2799
2799
2799
2799
2796
2796
2796
2798
2798
2800
2800
2800
2800
2801
2801
2801
2800
2801
2801
2803
2803
2803
2804
2804
2804
2804
2805
2807
2808
2808
2809
2809
2811
2812
2812
2813
2813
2805
2805
2801
2801
2801
2801
2802
2797
2797
2797
2797
2797
2798
2798
2798
2799
2801
2802
2795
2795
2795
2795
2795
2795
2797
2797
2797
2798
2798
2798
2791
2791
2793
2794
2789
2789
2789
2790
2790
2790
2790
2790
2790
2790
2790
2790
2790
2790
2790
2790
2790
2790
2785
2787
2788
2779
2779
2779
2779
2779
2779
2779
2781
2781
2775
2777
2777
2775
2775
2770
2771
2771
2763
2763
2765
2758
2758
2752
2753
2753
2753
2753
2753
2753
2755
2755
2755
2755
2756
2748
2748
2746
2746
2742
2742
2742
2736
2736
2733
2733
2733
2733
2733
2733
2733
2733
2735
2732
2732
2734
2734
2736
2736
2736
2736
2736
2738
2738
2738
2739
2740
2742
2736
2736
2728
2728
2725
2725
2725
2726
2727
2723
2723
2723
2723
2711
2711
2699
2699
2699
2703
2703
2697
2697
2698
2693
2693
2693
2683
2683
2685
2685
2681
2682
2683
2683
2683
2684
2684
2684
2685
2681
2681
2681
2675
2675
2664
2665
2666
2658
2653
2654
2655
2656
2659
2661
2664
2664
2664
2664
2664
2665
2651
2652
2652
2653
2655
2655
2655
2657
2657
2657
2646
2647
2642
2642
2643
2643
2632
2619
2619
2621
2621
2614
2614
2607
2601
2601
2601
2601
2601
2596
2596
2585
2585
2585
2586
2586
2586
2586
2586
2578
2579
2584
2586
2583
2583
2584
2585
2586
2588
2580
2574
2575
2576
2576
2577
2572
2572
2572
2564
2556
2556
2556
2556
2557
2557
2559
2559
2538
2538
2538
2537
2537
2537
2537
2537
2537
2538
2527
2528
2528
2528
2525
2525
2527
2521
2519
2516
2518
2518
2519
2513
2513
2513
2513
2513
2513
2509
2504
2504
2505
2506
2501
2499
2499
2500
2500
2500
2500
2502
2502
2502
2503
2503
2504
2504
2504
2504
2504
2498
2499
2494
2494
2494
2485
2485
2485
2474
2474
2474
2474
2476
2463
2458
2458
2458
2460
2460
2460
2460
2461
2461
2461
2447
2447
2448
2448
2448
2450
2450
2444
2445
2445
2445
2445
2446
2448
2450
2450
2451
2451
2452
2452
2451
2453
2454
2445
2446
2441
2430
2430
2430
2431
2431
2431
2431
2431
2428
2428
2428
2428
2428
2428
2428
2428
2428
2428
2431
2425
2427
2421
2423
2425
2425
2425
2418
2418
2410
2403
2405
2400
2400
2400
2401
2401
2401
2401
2403
2403
2403
2403
2403
2403
2403
2404
2404
2404
2404
2404
2392
2393
2393
2395
2387
2387
2387
2387
2382
2383
2377
2377
2372
2372
2372
2367
2367
2367
2369
2369
2369
2369
2369
2369
2363
2363
2363
2363
2364
2364
2365
2365
2365
2366
2367
2367
2362
2362
2362
2362
2362
2344
2345
2346
2347
2347
2347
2347
2348
2349
2349
2350
2350
2351
2351
2351
2351
2351
2352
2352
2352
2352
2339
2325
2320
2320
2321
2321
2321
2321
2321
2321
2321
2321
2323
2315
2315
2315
2315
2308
2308
2302
2302
2302
2302
2302
2293
2293
2294
2295
2295
2295
2296
2296
2296
2296
2296
2296
2295
2295
2290
2290
2290
2290
2291
2291
2291
2292
2292
2294
2294
2294
2294
2294
2295
2288
2288
2288
2290
2291
2281
2281
2281
2267
2269
2270
2270
2272
2272
2273
2273
2273
2273
2274
2274
2274
2275
2277
2270
2270
2271
2272
2275
2276
2276
2277
2277
2278
2278
2278
2278
2278
2281
2283
2283
2286
2287
2287
2288
2289
2290
2291
2292
2292
2293
2293
2293
2293
2289
2289
2289
2289
2289
2289
2277
2277
2277
2277
2277
2278
2279
2279
2279
2278
2278
2280
2280
2280
2280
2280
2280
2281
2272
2272
2272
2262
2263
2263
2263
2263
2263
2263
2263
2263
2263
2263
2263
2264
2264
2264
2252
2249
2249
2249
2249
2241
2242
2242
2242
2242
2242
2242
2243
2244
2244
2245
2245
2245
2232
2232
2232
2232
2232
2219
2220
2220
2220
2221
2222
2222
2222
2222
2223
2223
2223
2223
2223
2223
2223
2224
2227
2227
2227
2227
2214
2214
2214
2204
2204
2204
2200
2200
2200
2200
2200
2201
2201
2203
2203
2203
2204
2205
2205
2204
2204
2204
2204
2204
2204
2204
2204
2204
2205
2205
2205
2199
2199
2199
2199
2199
2199
2200
2201
2201
2201
2202
2202
2203
2205
2205
2207
2207
2203
2199
2199
2199
2199
2199
2201
2201
2201
2201
2202
2202
2202
2202
2202
2202
2202
2202
2202
2202
2202
2203
2203
2205
2199
2199
2199
2199
2200
2201
2201
2201
2201
2201
2201
2201
2201
2201
2201
2202
2202
2202
2202
2203
2203
2193
2193
2194
2194
2194
2195
2195
2196
2196
2196
2197
2197
2197
2197
2197
2197
2197
2198
2198
2200
2200
2200
2200
2200
2202
2188
2188
2189
2191
2192
2192
2192
2192
2192
2192
2192
2192
2192
2176
2176
2176
2176
2176
2176
2163
2163
2163
2164
2164
2164
2165
2166
2166
2166
2167
2167
2168
2168
2166
2166
2166
2166
2167
2155
2156
2157
2158
2159
2159
2159
2159
2159
2159
2159
2159
2159
2157
2157
2154
2154
2154
2154
2155
2156
2156
2157
2158
2158
2158
2158
2158
2158
2160
2160
2160
2142
2142
2142
2142
2142
2144
2144
2141
2127
2128
2122
2122
2122
2110
2110
2110
2110
2111
2111
2111
2111
2108
2108
2108
2108
2108
2108
2100
2100
2101
2101
2101
2101
2104
2104
2105
2104
2106
2108
2101
2101
2101
2102
2102
2102
2102
2102
2102
2102
2103
2103
2103
2103
2103
2103
2101
2101
2101
2101
2101
2103
2103
2103
2105
2105
2105
2107
2107
2107
2107
2107
2107
2107
2108
2102
2102
2102
2102
2102
2102
2102
2102
2102
2103
2103
2103
2104
2106
2106
2106
2108
2108
2108
2108
2108
2108
2100
2100
2100
2100
2100
2100
2100
2100
2100
2098
2099
2099
2099
2099
2099
2089
2089
2089
2089
2090
2091
2091
2091
2091
2091
2091
2092
2093
2093
2093
2075
2075
2075
2075
2076
2074
2074
2074
2074
2074
2075
2075
2068
2068
2070
2070
2070
2070
2071
2071
2071
2071
2071
2071
2071
2071
2071
2072
2072
2072
2072
2073
2074
2074
2072
2072
2072
2072
2072
2073
2073
2073
2074
2075
2075
2076
2076
2076
2076
2076
2076
2076
2076
2076
2076
2076
2076
2076
2076
2076
2076
2076
2076
2073
2064
2064
2057
2058
2058
2058
2058
2058
2050
2050
2050
2050
2050
2050
2050
2050
2050
2050
2050
2050
2050
2050
2051
2051
2051
2051
2051
2051
2051
2051
2051
2051
2051
2051
2051
2051
2051
2051
2051
2051
2051
2051
2042
2042
2042
2034
2036
2036
2036
2035
2035
2035
2035
2035
2035
2035
2035
2035
2035
2035
2036
2036
2036
2036
2036
2036
2036
2036
2036
2036
2037
2038
2038
2038
2038
2038
2038
2038
2038
2038
2038
2038
2038
2040
2041
2041
2042
2042
2042
2043
2043
2043
2044
2044
2044
2044
2044
2044
2035
2035
2035
2035
2035
2036
2036
2036
2036
2036
2036
2036
2038
2038
2038
2039
2039
2039
2039
2039
2039
2041
2041
2041
2041
2042
2043
2043
2043
2043
2043
2044
2044
2044
2045
2045
2045
2045
2046
2046
2047
2047
2048
2048
2048
2048
2048
2050
2050
2050
2044
2044
2044
2044
2044
2044
2044
2045
2046
2046
2046
2046
2046
2046
2046
2047
2047
2047
2047
2047
2047
2047
2047
2047
2047
2049
2049
2049
2049
2049
2049
2043
2043
2043
2043
2043
2043
2043
2044
2044
2044
2044
2044
2045
2045
2045
2046
2046
2047
2047
2047
2047
2047
2047
2047
2042
2042
2043
2043
2043
2043
2043
2043
2043
2044
2044
2045
2045
2046
2046
2046
2047
2048
2048
2048
2048
2048
2048
2048
2048
2048
2048
2048
2049
2049
2049
2049
2049
2049
2049
2038
2038
2038
2039
2037
2037
2037
2037
2037
2037
2037
2037
2038
2038
2038
2038
2038
2038
2038
2038
2038
2038
2038
2038
2038
2039
2039
2039
2040
2041
2041
2041
2041
2042
2043
2035
2035
2035
2035
2035
2037
2029
2029
2029
2029
2029
2029
2029
2029
2029
2029
2029
2030
2030
2030
2030
2030
2030
2026
2026
2026
2026
2026
2026
2026
2026
2026
2027
2027
2027
2027
2027
2027
2027
2027
2027
2027
2027
2027
2027
2027
2027
2027
2027
2027
2027
2028
2028
2028
2028
2028
2028
2028
2028
2028
2028
2029
2029
2029
2029
2029
2030
2030
2030
2030
2031
2031
2031
2031
2031
2031
2031
2032
2032
2032
2033
2034
2034
2034
2034
2034
2034
2034
2034
2034
2034
2035
2035
2035
2035
2035
2035
2035
2035
2035
2035
2035
2035
2035
2035
2035
2035
2035
2035
2035
2035
2035
2035
2035
2035
2035
2035
2035
2035
2025
2025
2025
2026
2026
2026
2026
2026
2026
2026
2026
2026
2026
2026
2026
2026
2026
2026
2026
2026
2026
2026
2026
2027
2027
2027
2027
2027
2027
2027
2027
2027
2027
2028
2028
2028
2028
2028
2028
2028
2028
2028
2028
2028
2028
2028
2028
2028
2028
2023
2023
2023
2023
2023
2023
2023
2023
2023
2023
2024
2024
2024
2024
2015
2015
2015
2015
2015
2015
2016
2016
2016
2018
2018
2018
2018
2019
2019
2020
2020
2020
2020
2020
2020
2020
2021
2021
2021
2021
2021
2024
2024
2024
2024
2024
2019
2019
2019
2019
2020
2021
2021
2021
2021
2021
2022
2022
2022
2022
2022
2022
2022
2022
2022
2022
2022
2022
2022
2022
2022
2022
2022
2022
2022
2022
2022
2022
2022
2022
2022
2022
2022
2022
2022
2022
2022
2023
2023
2023
2023
2023
2023
2024
2025
2026
2026
2026
2026
2026
2026
2027
2027
2027
2027
2027
2027
2027
2027
2018
2011
2011
2012
2012
2012
2012
2012
2012
2012
2012
2012
2012
2012
2012
2012
2012
2012
2012
2012
2014
2014
2014
2014
2014
2014
2014
2014
2016
2016
2016
2016
2016
2017
2017
2017
2017
2017
2017
2018
2018
2013
2013
2006
2006
2006
2006
2006
2006
2006
2006
2006
2006
2006
2006
2006
2006
2006
2006
2006
2006
2006
2006
2006
2006
2006
2006
2006
2006
2006
2006
2006
2006
2006
2006
2006
2006
2006
2007
2007
2007
2007
2007
2003
1999
1999
1999
1999
1999
1999
2001
2001
2001
1998
1998
1998
1998
1998
1991
1991
1991
1984
1984
1984
1984
1984
1984
1984
1984
1984
1984
1984
1984
1984
1984
1984
1981
1981
1981
1981
1981
1981
1981
1981
1981
1981
1981
1981
1983
1983
1983
1983
1983
1983
1983
1983
1984
1984
1984
1985
1985
1985
1989
1989
1989
1989
1989
1989
1989
1989
1989
1989
1989
1990
1990
1990
1990
1990
1990
1990
1990
1990
1990
1990
1990
1990
1981
1981
1981
1981
1981
1981
1982
1982
1982
1983
1983
1984
1984
1984
1984
1984
1984
1985
1985
1985
1985
1985
1985
1985
1985
1985
1985
1985
1985
1985
1986
1987
1987
1987
1987
1987
1987
1987
1987
1987
1988
1988
1988
1988
1989
1989
1989
1989
1990
1990
1990
1991
1991
1991
1991
1991
1991
1991
1991
1991
1991
1991
1991
1991
1991
1991
1991
1991
1991
1991
1991
1991
1992
1992
1993
1993
1993
1993
1993
1993
1993
1993
1993
1993
1993
1993
1993
1993
1993
1994
1995
1995
1996
1996
1996
1996
1996
1996
1996
1996
1996
1996
1996
1996
1996
1996
1996
1997
1997
1997
1998
1998
1998
1999
1999
1999
1999
1999
1999
1999
1999
1999
1999
1999
2000
2000
2000
2000
2000
2000
2000
2000
2000
2000
2000
2000
2001
2001
2001
2001
1993
1993
1993
1993
1993
1993
1993
1993
1994
1994
1994
1994
1994
1994
1994
1994
1994
1994
1994
1994
1994
1994
1994
1996
1996
1996
1996
1996
1997
1997
1997
1998
1998
1998
1998
1998
1998
1998
1998
1999
1999
1999
1991
