0
0
0
0
0
0
0
0
0
0
0
0
0
0
0
0
0
0
0
0
0
0
0
0
0
0
0
0
0
0
0
0
0
0
0
0
0
0
0
0
0
0
0
0
0
0
0
0
0
0
0
0
0
0
0
0
0
0
0
0
0
0
0
0
0
0
0
0
0
0
0
0
0
0
0
0
0
0
0
0
0
0
0
0
0
0
0
0
0
0
0
0
0
0
0
0
0
0
0
0
0
0
0
0
0
0
0
0
0
0
0
0
0
0
0
0
0
0
0
0
0
0
0
0
0
0
0
0
0
0
0
0
0
0
0
0
0
0
0
0
0
0
0
0
0
0
0
0
0
0
0
0
0
0
0
0
0
0
0
0
0
0
0
0
0
0
0
0
0
0
0
0
0
0
0
0
0
0
0
0
0
0
0
0
0
0
0
0
0
0
0
0
0
0
0
0
0
0
0
0
0
0
0
0
0
0
2
2
2
2
2
2
2
3
3
3
3
3
3
5
5
5
5
5
5
5
5
5
5
5
5
5
5
5
5
5
5
5
5
5
5
5
5
5
5
5
5
5
5
5
5
5
5
5
5
7
7
7
7
7
7
7
7
7
7
7
9
9
9
9
9
9
9
9
10
10
10
10
10
12
12
12
12
13
13
13
13
13
13
13
13
13
13
13
13
13
13
15
15
16
16
16
16
16
18
18
18
18
18
19
19
19
19
19
20
23
28
29
29
29
29
29
29
32
32
32
32
32
32
32
32
32
32
32
32
32
32
32
32
32
32
32
32
32
32
32
32
32
32
32
32
33
33
33
33
33
33
33
34
34
34
34
34
35
35
35
36
36
36
36
39
39
39
39
39
39
39
39
39
39
39
39
40
42
42
42
44
48
50
50
50
50
50
52
52
52
52
52
52
52
52
52
54
54
54
54
54
55
55
55
56
56
56
57
57
57
57
57
57
57
57
57
57
57
57
58
58
58
59
59
59
59
59
59
59
59
61
61
61
62
62
62
62
62
64
64
64
64
64
64
64
65
65
65
65
67
68
68
70
70
70
70
70
70
70
70
70
70
70
71
72
72
72
72
74
74
75
75
75
77
82
83
83
83
83
83
83
83
84
84
84
86
90
90
90
91
91
92
95
96
96
99
99
99
99
99
102
108
108
111
111
111
112
112
115
115
116
118
121
125
130
130
131
132
132
132
132
132
132
132
132
132
132
132
134
137
137
140
142
142
142
142
144
144
144
146
146
147
147
147
149
153
153
154
154
155
155
156
156
156
156
157
157
158
159
161
161
163
163
163
163
164
164
164
165
165
165
168
168
169
169
171
171
171
172
172
172
172
172
172
175
180
181
185
190
190
192
197
197
200
200
201
204
204
205
209
209
209
210
210
210
211
212
212
215
220
222
223
227
227
227
228
228
229
229
231
231
234
239
239
242
247
251
251
251
251
251
254
254
255
255
255
255
255
256
258
258
258
259
262
266
266
268
272
272
274
274
277
283
287
287
287
289
289
291
295
298
