0.72
2.0300000000000002
2.75
4.65
5.960000000000001
7.270000000000001
9.170000000000002
9.890000000000002
10.480000000000002
11.790000000000003
12.510000000000003
14.410000000000004
15.720000000000004
16.440000000000005
18.340000000000003
20.110000000000003
21.42
22.73
23.45
24.759999999999998
25.479999999999997
27.379999999999995
28.099999999999994
29.409999999999993
30.129999999999992
31.43999999999999
32.74999999999999
34.059999999999995
35.37
36.68
37.27
38.580000000000005
39.89000000000001
41.66000000000001
42.38000000000001
43.10000000000001
44.41000000000001
45.72000000000001
46.44000000000001
48.34000000000001
50.24000000000001
50.96000000000001
51.68000000000001
52.99000000000001
54.89000000000001
56.20000000000001
58.10000000000001
59.41000000000001
60.13000000000001
60.85000000000001
62.16000000000001
62.88000000000001
64.78000000000002
66.09000000000002
66.81000000000002
67.53000000000002
68.84000000000002
70.61000000000001
72.51000000000002
73.23000000000002
73.95000000000002
75.26000000000002
76.44000000000003
77.03000000000003
78.93000000000004
80.70000000000003
82.01000000000003
83.32000000000004
84.63000000000004
86.53000000000004
88.43000000000005
89.15000000000005
91.05000000000005
92.36000000000006
93.08000000000006
93.80000000000005
94.52000000000005
95.83000000000006
96.55000000000005
98.45000000000006
100.35000000000007
101.07000000000006
101.79000000000006
102.51000000000006
103.82000000000006
105.00000000000007
106.31000000000007
107.62000000000008
108.34000000000007
109.65000000000008
111.55000000000008
112.14000000000009
113.91000000000008
114.63000000000008
115.94000000000008
116.53000000000009
117.7100000000001
119.0200000000001
120.9200000000001
122.10000000000011
122.8200000000001
124.72000000000011
125.44000000000011
126.75000000000011
127.34000000000012
128.06000000000012
128.78000000000011
129.96000000000012
130.55000000000013
131.73000000000013
132.45000000000013
134.35000000000014
135.66000000000014
137.43000000000015
138.61000000000016
139.20000000000016
139.92000000000016
141.82000000000016
143.72000000000017
144.31000000000017
146.08000000000018
146.80000000000018
148.5700000000002
150.3400000000002
151.5200000000002
152.8300000000002
153.42000000000021
154.60000000000022
155.32000000000022
157.09000000000023
158.40000000000023
160.30000000000024
161.48000000000025
163.25000000000026
164.56000000000026
166.33000000000027
166.92000000000027
167.64000000000027
169.54000000000028
171.44000000000028
173.2100000000003
175.1100000000003
175.8300000000003
176.5500000000003
177.1400000000003
178.3200000000003
179.5000000000003
180.68000000000032
181.27000000000032
181.86000000000033
182.58000000000033
184.35000000000034
186.12000000000035
186.71000000000035
187.89000000000036
188.61000000000035
189.92000000000036
190.64000000000036
191.23000000000036
192.54000000000036
193.26000000000036
193.85000000000036
195.16000000000037
196.93000000000038
197.65000000000038
198.24000000000038
198.83000000000038
199.55000000000038
200.86000000000038
202.0400000000004
203.8100000000004
205.5800000000004
206.8900000000004
208.07000000000042
208.79000000000042
209.97000000000043
211.74000000000044
212.33000000000044
214.23000000000044
216.00000000000045
217.18000000000046
219.08000000000047
220.39000000000047
221.11000000000047
222.29000000000048
223.01000000000047
224.78000000000048
226.5500000000005
228.3200000000005
228.9100000000005
230.09000000000052
231.99000000000052
233.89000000000053
235.66000000000054
237.43000000000055
238.02000000000055
239.33000000000055
240.64000000000055
241.23000000000056
241.82000000000056
243.59000000000057
244.31000000000057
246.08000000000058
246.67000000000058
247.8500000000006
249.0300000000006
249.6200000000006
251.3900000000006
253.16000000000062
254.47000000000062
255.19000000000062
256.5000000000006
257.22000000000065
257.8100000000006
258.99000000000063
259.71000000000066
260.4300000000007
261.7400000000007
262.9200000000007
264.1000000000007
265.4100000000007
266.5900000000007
268.4900000000007
269.08000000000067
269.67000000000064
270.2600000000006
270.98000000000064
272.7500000000006
273.3400000000006
274.6500000000006
275.2400000000006
276.4200000000006
278.19000000000057
279.50000000000057
281.40000000000055
283.3000000000005
285.0700000000005
285.6600000000005
286.3800000000005
288.1500000000005
288.74000000000046
290.64000000000044
291.2300000000004
292.4100000000004
293.0000000000004
294.7700000000004
295.36000000000035
296.54000000000036
298.44000000000034
299.0300000000003
299.6200000000003
301.52000000000027
302.7000000000003
304.47000000000025
306.24000000000024
306.8300000000002
308.1400000000002
308.86000000000024
310.04000000000025
311.9400000000002
313.8400000000002
315.1500000000002
316.3300000000002
317.6400000000002
319.4100000000002
321.1800000000002
322.95000000000016
324.13000000000017
324.72000000000014
326.03000000000014
327.8000000000001
329.5700000000001
330.8800000000001
332.6500000000001
333.24000000000007
334.55000000000007
336.32000000000005
337.50000000000006
338.09000000000003
338.68
340.58
341.16999999999996
342.93999999999994
343.5299999999999
344.7099999999999
346.0199999999999
346.6099999999999
348.3799999999999
350.14999999999986
351.45999999999987
353.22999999999985
353.8199999999998
355.5899999999998
356.1799999999998
357.94999999999976
359.12999999999977
360.43999999999977
361.7499999999998
362.9299999999998
364.1099999999998
365.87999999999977
367.0599999999998
368.82999999999976
369.5499999999998
370.2699999999998
372.1699999999998
373.4799999999998
374.7899999999998
375.9699999999998
377.1499999999998
377.7399999999998
378.9199999999998
380.0999999999998
381.8699999999998
382.45999999999975
383.0499999999997
383.6399999999997
384.8199999999997
386.5899999999997
388.3599999999997
389.5399999999997
390.2599999999997
390.8499999999997
391.43999999999966
392.61999999999966
393.92999999999967
394.6499999999997
396.4199999999997
397.1399999999997
398.3199999999997
398.9099999999997
399.49999999999966
400.67999999999967
401.8599999999997
403.1699999999997
404.93999999999966
406.11999999999966
406.70999999999964
407.88999999999965
409.06999999999965
410.24999999999966
411.42999999999967
412.6099999999997
414.37999999999965
416.14999999999964
417.9199999999996
418.63999999999965
419.3599999999997
420.5399999999997
421.12999999999965
422.89999999999964
424.6699999999996
425.8499999999996
427.02999999999963
428.20999999999964
429.51999999999964
430.82999999999964
431.4199999999996
432.0099999999996
433.1899999999996
434.3699999999996
435.5499999999996
436.26999999999964
436.8599999999996
438.1699999999996
438.7599999999996
439.34999999999957
441.11999999999955
442.88999999999953
443.4799999999995
444.0699999999995
445.83999999999946
446.42999999999944
447.60999999999945
448.91999999999945
450.68999999999943
451.86999999999944
453.6399999999994
454.8199999999994
456.5899999999994
457.1799999999994
458.3599999999994
459.5399999999994
460.12999999999937
461.3099999999994
462.4899999999994
463.07999999999936
463.66999999999933
464.2599999999993
464.8499999999993
466.0299999999993
467.2099999999993
467.7999999999993
468.38999999999925
468.9799999999992
470.7499999999992
472.0599999999992
472.6499999999992
473.8299999999992
475.59999999999917
476.7799999999992
477.9599999999992
479.1399999999992
479.72999999999917
480.9099999999992
482.80999999999915
483.3999999999991
483.9899999999991
485.7599999999991
487.52999999999906
488.70999999999907
490.47999999999905
491.78999999999905
493.09999999999906
493.68999999999903
494.279999999999
495.459999999999
496.049999999999
496.63999999999896
497.22999999999894
497.94999999999897
499.25999999999897
500.439999999999
501.02999999999895
501.6199999999989
502.2099999999989
503.3899999999989
504.5699999999989
505.7499999999989
506.9299999999989
508.10999999999893
509.8799999999989
511.6499999999989
512.8299999999989
514.0099999999989
515.7799999999988
517.5499999999988
518.1399999999988
519.4499999999988
520.7599999999987
521.3499999999988
521.9399999999988
523.1199999999988
524.2999999999987
525.4799999999987
526.1999999999987
527.9699999999987
529.7399999999986
530.4599999999987
532.2299999999987
533.4099999999986
534.5899999999986
535.1799999999986
535.7699999999986
536.9499999999986
538.1299999999985
538.7199999999985
540.4899999999985
542.2599999999985
543.4399999999985
544.0299999999985
544.6199999999985
545.2099999999986
545.7999999999986
546.9799999999985
547.5699999999986
549.3399999999986
550.5199999999985
551.1099999999985
551.6999999999986
552.8799999999985
553.4699999999985
554.7799999999985
556.0899999999984
557.3999999999984
558.5799999999983
559.1699999999984
559.7599999999984
560.3499999999984
560.9399999999985
561.5299999999985
562.7099999999984
563.8899999999984
564.4799999999984
565.0699999999985
566.8399999999984
568.0199999999984
568.6099999999984
569.1999999999985
570.3799999999984
570.9699999999984
571.5599999999985
572.1499999999985
573.3299999999984
573.9199999999985
574.5099999999985
576.2799999999985
578.0499999999985
579.8199999999985
580.9999999999984
582.1799999999984
583.3599999999983
583.9499999999983
585.1299999999983
585.7199999999983
586.3099999999984
586.8999999999984
587.4899999999984
588.0799999999984
588.6699999999985
590.4399999999985
591.0299999999985
591.6199999999985
592.2099999999986
592.7999999999986
594.6999999999986
596.5999999999985
598.4999999999985
600.3999999999985
602.2999999999985
604.1999999999985
604.7899999999985
605.3799999999985
605.9699999999985
607.1499999999985
607.7399999999985
608.9199999999985
609.6399999999985
610.3599999999985
610.9499999999986
611.5399999999986
613.3099999999986
614.0299999999986
615.2099999999986
616.3899999999985
617.5699999999985
618.1599999999985
618.7499999999985
619.3399999999986
620.5199999999985
621.1099999999985
621.6999999999986
622.2899999999986
622.8799999999986
623.4699999999987
624.0599999999987
625.2399999999986
626.4199999999986
627.0099999999986
628.1899999999986
629.3699999999985
630.5499999999985
631.7299999999984
632.3199999999985
633.4999999999984
634.0899999999984
635.2699999999984
635.8599999999984
636.4499999999985
637.6299999999984
638.2199999999984
638.8099999999985
639.3999999999985
639.9899999999985
640.5799999999986
641.1699999999986
641.7599999999986
642.3499999999987
643.5299999999986
644.7099999999986
645.8899999999985
647.0699999999985
647.6599999999985
648.2499999999985
648.8399999999986
650.0199999999985
650.6099999999985
651.1999999999986
652.3799999999985
653.5599999999985
654.1499999999985
654.7399999999985
655.9199999999985
656.5099999999985
657.6899999999985
659.4599999999984
661.2299999999984
661.8199999999985
662.4099999999985
664.1799999999985
665.9499999999985
667.7199999999984
668.8999999999984
670.0799999999983
671.2599999999983
671.8499999999983
672.4399999999983
673.0299999999984
674.2099999999983
675.3899999999983
676.5699999999982
677.1599999999983
677.7499999999983
678.9299999999982
680.1099999999982
681.2899999999981
682.4699999999981
683.0599999999981
683.6499999999982
684.2399999999982
684.8299999999982
686.0099999999982
686.5999999999982
687.1899999999982
687.7799999999983
688.3699999999983
688.9599999999983
689.5499999999984
690.1399999999984
691.9099999999984
693.0899999999983
694.2699999999983
696.0399999999983
696.6299999999983
697.8099999999982
698.9899999999982
700.1699999999981
701.3499999999981
702.529999999998
703.709999999998
704.8899999999979
706.0699999999979
707.2499999999978
707.8399999999979
708.4299999999979
709.6099999999979
710.7899999999978
711.9699999999978
713.7399999999977
715.5099999999977
717.2799999999977
717.8699999999977
719.0499999999977
719.6399999999977
720.2299999999977
720.8199999999978
721.4099999999978
721.9999999999978
722.5899999999979
723.1799999999979
723.7699999999979
724.359999999998
724.949999999998
725.539999999998
727.309999999998
729.079999999998
729.669999999998
730.2599999999981
730.8499999999981
731.4399999999981
733.2099999999981
733.7999999999981
734.3899999999982
734.9799999999982
735.5699999999982
736.1599999999983
736.7499999999983
