1
4
5
10
13
16
21
22
24
27
28
33
36
37
42
48
51
54
55
58
59
64
65
68
69
72
75
78
81
84
86
89
92
98
99
100
103
106
107
112
117
118
119
122
127
130
135
138
139
140
143
144
149
152
153
154
157
163
168
169
170
173
177
179
184
190
193
196
199
204
209
210
215
218
219
220
221
224
225
230
235
236
237
238
241
245
248
251
252
255
260
262
268
269
272
274
278
281
286
290
291
296
297
300
302
303
304
308
310
314
315
320
323
329
333
335
336
341
346
348
354
355
361
367
371
374
376
380
381
387
390
395
399
405
408
414
416
417
422
427
433
438
439
440
442
446
450
454
456
458
459
465
471
473
477
478
481
482
484
487
488
490
493
499
500
502
504
505
508
512
518
524
527
531
532
536
542
544
549
555
559
564
567
568
572
573
579
585
591
593
597
602
607
613
619
621
624
627
629
631
637
638
644
646
650
654
656
662
668
671
672
675
676
678
682
683
684
687
691
695
698
702
707
709
711
713
714
720
722
725
727
731
737
740
745
750
756
758
759
765
767
772
774
778
780
786
788
792
797
799
801
806
810
816
822
824
827
828
832
837
842
845
849
852
858
864
870
874
876
879
885
891
894
900
902
905
911
915
917
919
924
926
932
934
938
941
943
949
955
958
964
966
972
974
980
984
987
990
994
998
1004
1008
1014
1015
1016
1021
1024
1027
1031
1035
1037
1041
1045
1051
1053
1055
1057
1061
1067
1073
1077
1078
1080
1082
1086
1089
1090
1096
1097
1101
1103
1105
1109
1113
1116
1122
1126
1128
1132
1136
1140
1144
1148
1154
1160
1166
1167
1168
1172
1174
1180
1186
1190
1194
1198
1201
1204
1206
1208
1212
1216
1220
1221
1223
1226
1228
1230
1236
1242
1244
1246
1252
1254
1258
1261
1267
1271
1277
1281
1287
1289
1293
1297
1299
1303
1307
1309
1311
1313
1315
1319
1323
1325
1327
1329
1335
1338
1340
1344
1350
1354
1358
1362
1364
1368
1373
1375
1377
1383
1389
1393
1399
1402
1405
1407
1409
1413
1415
1417
1419
1420
1423
1427
1429
1431
1433
1437
1441
1445
1449
1453
1459
1465
1469
1473
1479
1485
1487
1490
1493
1495
1497
1501
1505
1509
1510
1516
1522
1523
1529
1533
1537
1539
1541
1545
1549
1551
1557
1563
1567
1569
1571
1573
1575
1579
1581
1587
1591
1593
1595
1599
1601
1604
1607
1610
1614
1616
1618
1620
1622
1624
1628
1632
1634
1636
1642
1646
1648
1650
1654
1656
1658
1660
1664
1666
1668
1674
1680
1686
1690
1694
1698
1700
1704
1706
1708
1710
1712
1714
1716
1722
1724
1726
1728
1730
1735
1740
1745
1750
1755
1760
1762
1764
1766
1770
1772
1776
1777
1778
1780
1782
1788
1789
1793
1797
1801
1803
1805
1807
1811
1813
1815
1817
1819
1821
1823
1827
1831
1833
1837
1841
1845
1849
1851
1855
1857
1861
1863
1865
1869
1871
1873
1875
1877
1879
1881
1883
1885
1889
1893
1897
1901
1903
1905
1907
1911
1913
1915
1919
1923
1925
1927
1931
1933
1937
1943
1949
1951
1953
1959
1965
1971
1975
1979
1983
1985
1987
1989
1993
1997
2001
2003
2005
2009
2013
2017
2021
2023
2025
2027
2029
2033
2035
2037
2039
2041
2043
2045
2047
2053
2057
2061
2067
2069
2073
2077
2081
2085
2089
2093
2097
2101
2105
2107
2109
2113
2117
2121
2127
2133
2139
2141
2145
2147
2149
2151
2153
2155
2157
2159
2161
2163
2165
2167
2173
2179
2181
2183
2185
2187
2193
2195
2197
2199
2201
2203
2205
