2605.47
2622.4550000000004
2627.925
2656.425
2673.41
2690.395
2939.895
2946.205
2957.7200000000003
2974.705
2980.175
3008.675
3246.66
3252.55
3281.05
3315.5950000000003
3332.5800000000004
3570.565
3576.455
3593.4400000000005
3598.9100000000003
3627.4100000000003
3632.88
3649.8650000000002
3655.3350000000005
3893.32
3910.725
3927.71
3944.6949999999997
3961.68
3973.195
4209.755
4226.740000000001
4261.285
4266.755
4272.225
4289.21
4306.195000000001
4311.665
4561.165
4628.664999999999
4634.134999999999
4639.605
4734.59
4984.090000000001
5001.075
5029.575000000001
5046.5599999999995
5091.03
5174.5
5191.485000000001
5417.955000000001
5446.455
5463.4400000000005
5468.910000000001
5474.38
5491.365
5746.910000000001
5814.410000000001
5819.880000000001
5825.35
5842.335000000001
5943.365000000001
6213.455000000001
6241.955000000001
6276.500000000001
6293.485000000001
6310.47
6548.455000000001
6576.955000000001
6605.455000000001
6610.925
6860.425000000001
6878.250000000001
6883.720000000001
6889.190000000001
6894.660000000002
6911.645
6917.115000000001
6945.615000000001
7195.115000000002
7201.005000000001
7206.475000000001
7211.9450000000015
7228.93
7251.960000000001
7268.945000000001
7506.930000000001
7512.820000000001
7529.805
7558.305
7569.820000000001
7823.9400000000005
7829.410000000001
7846.395000000001
7857.910000000001
7880.9400000000005
7897.925000000001
8147.425000000001
8171.295000000001
8176.765
8205.265000000001
8210.735
8227.720000000001
8239.235
8465.705
8471.175000000001
8494.205000000004
8505.720000000001
8528.75
8534.220000000001
8783.720000000003
8801.545000000002
8875.090000000002
8898.120000000003
8909.635000000002
8915.105000000001
9164.605000000001
9232.105000000001
9243.62
9278.165
9504.635000000002
9539.18
9573.725000000002
9596.755000000001
9834.74
9846.255000000001
9869.285000000002
9874.755000000001
9909.300000000001
10147.285000000002
10214.785000000002
10237.815
10272.36
10510.345
10544.890000000001
10556.405
10561.875
10590.375000000002
10839.875000000002
10874.420000000002
10902.920000000002
10908.390000000001
11134.860000000002
11146.375
11169.405
11192.435000000001
11215.465000000002
11226.980000000001
11459.495000000003
11464.965000000002
11499.51
11534.055000000002
11545.570000000002
11789.600000000004
11834.070000000003
11851.055000000002
11856.525000000003
11868.04
11885.025000000001
11890.495
11902.01
12139.994999999999
12174.54
12180.01
12191.525
12203.039999999999
12208.51
12225.495000000003
12508.525000000001
12543.070000000003
12577.615
12815.6
12838.630000000001
12844.100000000002
12867.130000000001
12901.675000000001
13134.19
13162.689999999999
13197.235
13220.265
13469.765000000001
13486.750000000002
13492.220000000001
13515.25
13520.72
13776.265000000001
13811.65
13846.195
13857.71
14101.740000000002
14130.660000000002
14159.160000000002
14414.704999999998
14449.25
14460.765
14477.749999999998
14494.735000000002
14727.250000000002
14739.605
14774.15
14779.62
14814.164999999999
15046.679999999998
15070.13
15093.16
15104.675
15139.220000000001
15394.765
15411.750000000002
15417.220000000001
15434.205
15439.675000000001
15451.19
15695.22
15701.53
15707.0
15723.985
15747.015
15748.195
15765.179999999998
16007.785
16036.285
16047.8
16059.315
16070.83
16076.300000000001
16331.845
16343.36
16360.345000000001
16371.86
16394.89
16650.435
16667.420000000002
16695.920000000002
16724.42
16979.965
16991.48
16996.95
17031.495000000003
17043.010000000002
17292.510000000002
17304.865
17327.895
17378.41
17412.955
17645.47
17668.5
17697.0
17708.515
17720.030000000002
17969.530000000002
17993.400000000005
18027.945000000003
18283.49
18295.005000000005
18311.99
18317.460000000003
18379.490000000005
18407.99
18657.49
18752.475000000006
18814.505000000005
18831.49
19126.035000000003
19277.58
19318.350000000002
19341.380000000005
19430.895000000004
19785.88
19859.425000000003
19971.97
19988.955000000005
20244.500000000004
20256.015000000003
20273.000000000004
20424.545000000002
20707.575
20719.090000000004
20836.680000000004
20865.180000000004
20954.695
21327.24
21338.755
21439.785000000003
21456.770000000004
21468.285000000003
21723.830000000005
21758.375000000007
21931.360000000004
21965.905000000006
22198.420000000006
22349.965000000007
22361.480000000007
22474.02500000001
22835.055000000008
22852.88000000001
22932.19000000001
22955.22000000001
22978.250000000007
23233.79500000001
23257.245000000014
23408.790000000005
23414.260000000006
23414.980000000007
23781.48000000001
23798.465000000007
23893.45000000001
24033.48000000001
24034.66000000001
24124.17500000001
24368.20500000001
24392.07500000001
24426.620000000006
24438.13500000001
24555.72500000001
24556.31500000001
24579.34500000001
24951.89000000001
24986.435000000012
25087.46500000001
25209.93500000001
25442.45000000001
25521.04000000001
25544.07000000001
25561.055000000015
25566.525000000016
25601.070000000007
25723.540000000008
25967.570000000007
25979.08500000001
26107.600000000013
26130.630000000012
26231.66000000001
26586.64500000001
26621.190000000013
26722.220000000012
26733.735000000008
26977.765000000014
27001.635000000017
27024.665000000015
27164.695000000014
27187.725000000013
27443.270000000015
27594.815000000017
27850.360000000015
27934.670000000013
28057.140000000014
28080.17000000002
28169.685000000016
28204.230000000018
28206.000000000015
28450.030000000013
28473.06000000002
28613.09000000002
28630.075000000015
28647.060000000016
28996.57500000001
28998.005000000012
29099.035000000014
29239.065000000013
29262.095000000012
29345.565000000013
29357.080000000016
29595.065000000013
29606.580000000013
29607.170000000013
29758.715000000015
29793.260000000017
30025.775000000016
30128.245000000017
30162.79000000002
30252.30500000002
30392.335000000017
30409.320000000018
30742.86500000002
30766.73500000002
30801.28000000002
31045.31000000002
31118.85500000002
31247.37000000002
31309.40000000002
31310.58000000002
31478.095000000023
31722.12500000002
31862.99500000002
31991.51000000002
32031.10000000002
32120.61500000002
32171.13000000002
32194.16000000002
32516.19000000002
32527.705000000024
32723.295000000024
32734.810000000023
32847.35500000002
32981.340000000026
33291.855000000025
33392.885000000024
33622.43000000002
33645.46000000002
34045.49000000003
34047.510000000024
34137.02500000002
34160.05500000002
34266.55500000002
34395.07000000003
34473.660000000025
34729.20500000003
34959.17000000003
34982.200000000026
35393.745000000024
35527.73000000003
35607.04000000003
35696.55500000003
35786.07000000003
35809.10000000003
35898.61500000003
36131.13000000003
36337.645000000026
36343.11500000003
36477.100000000035
36617.130000000034
36706.645000000026
36796.160000000025
36991.75000000003
37229.605000000025
37408.63500000003
37409.81500000003
37510.84500000003
37533.87500000003
37867.42000000003
38019.80500000003
38120.83500000003
38143.86500000003
38594.41000000003
38596.18000000003
38763.69500000003
38897.68000000002
38976.99000000003
39066.50500000003
39156.02000000003
39400.050000000025
39501.08000000002
39502.260000000024
39702.730000000025
39737.27500000003
40070.82000000003
40193.29000000003
40305.83500000003
40406.86500000003
40603.04500000003
40614.560000000034
40782.07500000003
41026.105000000025
41105.285000000025
41116.80000000003
41229.34500000003
41348.115000000034
41449.145000000026
41681.66000000003
41889.01500000003
41900.530000000035
42068.045000000035
42208.075000000026
42297.59000000003
42631.13500000003
42732.16500000003
42743.68000000004
42822.27000000003
42845.30000000003
43051.81500000003
43068.80000000003
43384.78500000003
43503.09500000004
43604.125000000044
43693.640000000036
43900.15500000003
43911.670000000035
44079.185000000034
44079.77500000004
44401.80500000004
44424.835000000036
44514.350000000035
44642.86500000004
44794.41000000003
45038.44000000004
45272.735000000044
45273.32500000004
45452.35500000004
45580.87000000004
45659.460000000036
45738.05000000004
45839.080000000045
45850.595000000045
45929.18500000005
46184.73000000004
46381.50000000004
46383.27000000004
46484.30000000005
46624.33000000004
46703.51000000004
46793.02500000004
47232.055000000044
47244.41000000005
47411.92500000004
47412.51500000004
47491.10500000004
47502.62000000004
47581.210000000036
47732.75500000004
47822.27000000004
47822.86000000004
48250.37500000004
48250.96500000003
48435.46500000004
48554.36500000004
48634.26500000004
48714.165000000045
48794.06500000004
48795.96500000004
48885.48000000005
48886.07000000004
49092.58500000004
49115.61500000004
49205.13000000004
49566.16000000004
49649.63000000004
49733.10000000004
49939.61500000004
49951.13000000004
50141.67500000004
50147.14500000004
50469.17500000004
50470.35500000004
50549.53500000004
50678.05000000004
50756.64000000004
50807.15500000004
51025.185000000034
51036.70000000004
51204.21500000004
51321.805000000044
51632.32000000004
51722.67500000005
51801.26500000004
51863.29500000005
51964.32500000004
52014.84000000005
52232.870000000046
52273.05000000005
52352.23000000005
52752.26000000004
52841.775000000045
52942.80500000005
53149.32000000004
53172.35000000004
53560.86500000005
53573.220000000045
53674.250000000044
53724.76500000004
53803.35500000004
53931.870000000046
54010.46000000004
54099.97500000005
54295.565000000046
54346.08000000005
54502.67000000005
54863.70000000004
54964.73000000005
55065.760000000046
55183.940000000046
55312.45500000004
55401.970000000045
55480.56000000004
55919.59000000005
55931.10500000005
56009.69500000004
56227.72500000004
56306.90500000004
56435.42000000005
56641.93500000005
56664.96500000005
56832.48000000005
57076.510000000046
57189.055000000044
57301.60000000005
57612.11500000005
57780.47000000005
57893.01500000005
57894.78500000005
58091.55500000005
58114.58500000006
58271.76500000006
58467.94500000005
58557.46000000006
58685.97500000005
58764.56500000005
59008.59500000005
59087.77500000005
59110.80500000006
59317.32000000005
59395.910000000054
59496.94000000005
59654.12000000005
59733.300000000054
60055.33000000006
60262.68500000005
60263.27500000005
60430.79000000005
60520.30500000005
60621.33500000005
60671.85000000005
60761.36500000005
60878.95500000005
60957.54500000005
60969.06000000005
61396.57500000005
61475.16500000005
61665.71000000004
61844.74000000005
61923.92000000005
62257.465000000055
62347.82000000005
62370.85000000005
62450.03000000005
62551.060000000056
62747.240000000056
62787.42000000006
62888.450000000055
63006.630000000056
63085.810000000056
63164.990000000056
63371.50500000005
63682.020000000055
63861.050000000054
63923.08000000005
64002.26000000005
64036.80500000005
64116.57500000005
64489.12000000005
64579.47500000004
64680.50500000005
64887.02000000005
64926.610000000044
65083.20000000005
65211.71500000005
65301.23000000005
65379.82000000004
65458.41000000005
65537.00000000004
65847.51500000004
65887.10500000005
66082.69500000005
66117.24000000005
66197.01000000004
66325.52500000004
66404.11500000003
66560.70500000003
66756.29500000004
66829.84000000004
67218.35500000005
67261.96500000005
67351.48000000004
67352.07000000004
67430.66000000005
67626.25000000004
