1
3
4
7
9
11
14
15
16
18
19
22
24
25
28
31
33
35
36
38
39
42
43
45
46
48
50
52
54
56
57
59
61
64
65
66
68
70
71
74
77
78
79
81
84
86
89
91
92
93
95
96
99
101
102
103
105
108
111
112
113
115
117
118
121
124
126
128
130
133
136
137
140
142
143
144
145
147
148
151
154
155
156
157
159
161
163
165
166
168
171
172
175
176
178
179
181
183
186
188
189
192
193
195
196
197
198
200
201
203
204
207
209
212
214
215
216
219
222
223
226
227
230
233
235
237
238
240
241
244
246
249
251
254
256
259
260
261
264
267
270
273
274
275
276
278
280
282
283
284
285
288
291
292
294
295
297
298
299
301
302
303
305
308
309
310
311
312
314
316
319
322
324
326
327
329
332
333
336
339
341
344
346
347
349
350
353
356
359
360
362
365
368
371
374
375
377
379
380
381
384
385
388
389
391
393
394
397
400
402
403
405
406
407
409
410
411
413
415
417
419
421
424
425
426
427
428
431
432
434
435
437
440
442
445
448
451
452
453
456
457
460
461
463
464
467
468
470
473
474
475
478
480
483
486
487
489
490
492
495
498
500
502
504
507
510
513
515
516
518
521
524
526
529
530
532
535
537
538
539
542
543
546
547
549
551
552
555
558
560
563
564
567
568
571
573
575
577
579
581
584
586
589
590
591
594
596
598
600
602
603
605
607
610
611
612
613
615
618
621
623
624
625
626
628
630
631
634
635
637
638
639
641
643
645
648
650
651
653
655
657
659
661
664
667
670
671
672
674
675
678
681
683
685
687
689
691
692
693
695
697
699
700
701
703
704
705
708
711
712
713
716
717
719
721
724
726
729
731
734
735
737
739
740
742
744
745
746
747
748
750
752
753
754
755
758
760
761
763
766
768
770
772
773
775
778
779
780
783
786
788
791
793
795
796
797
799
800
801
802
803
805
807
808
809
810
812
814
816
818
820
823
826
828
830
833
836
837
839
841
842
843
845
847
849
850
853
856
857
860
862
864
865
866
868
870
871
874
877
879
880
881
882
883
885
886
889
891
892
893
895
896
898
900
902
904
905
906
907
908
909
911
913
914
915
918
920
921
922
924
925
926
927
929
930
931
934
937
940
942
944
946
947
949
950
951
952
953
954
955
958
959
960
961
962
965
968
971
974
977
980
981
982
983
985
986
988
989
990
991
992
995
996
998
1000
1002
1003
1004
1005
1007
1008
1009
1010
1011
1012
1013
1015
1017
1018
1020
1022
1024
1026
1027
1029
1030
1032
1033
1034
1036
1037
1038
1039
1040
1041
1042
1043
1044
1046
1048
1050
1052
1053
1054
1055
1057
1058
1059
1061
1063
1064
1065
1067
1068
1070
1073
1076
1077
1078
1081
1084
1087
1089
1091
1093
1094
1095
1096
1098
1100
1102
1103
1104
1106
1108
1110
1112
1113
1114
1115
1116
1118
1119
1120
1121
1122
1123
1124
1125
1128
1130
1132
1135
1136
1138
1140
1142
1144
1146
1148
1150
1152
1154
1155
1156
1158
1160
1162
1165
1168
1171
1172
1174
1175
1176
1177
1178
1179
1180
1181
1182
1183
1184
1185
1188
1191
1192
1193
1194
1195
1198
1199
1200
1201
1202
1203
1204
