2
5
8
11
13
16
18
20
23
25
26
29
30
33
36
37
38
39
42
44
47
49
51
52
53
54
57
58
61
62
64
66
69
71
72
74
77
80
82
83
85
87
89
91
92
94
95
96
99
100
101
104
106
107
110
111
113
116
119
122
125
127
129
131
133
135
137
138
139
140
142
144
147
149
151
152
155
158
160
161
162
163
165
166
168
170
172
174
176
179
181
184
185
186
187
188
190
193
194
195
196
199
202
205
208
210
212
214
215
218
220
223
225
227
229
232
234
236
237
240
242
244
247
249
251
254
256
257
259
260
261
263
265
266
267
268
270
272
274
276
277
280
281
282
283
284
284
287
289
292
293
294
296
297
299
300
301
304
305
308
311
314
316
318
319
321
322
325
327
328
329
331
332
335
338
339
341
342
344
345
346
347
350
352
355
356
357
360
363
364
366
368
371
373
375
376
378
381
383
386
388
390
393
395
397
400
402
405
406
407
407
410
412
414
415
417
419
422
424
425
426
428
429
429
430
432
434
436
436
437
438
441
442
444
447
447
448
449
452
453
456
459
461
462
465
468
470
471
472
475
476
477
477
479
480
483
484
485
486
487
490
493
495
496
499
500
501
502
504
506
508
510
510
513
515
516
517
519
520
523
525
527
528
529
530
532
534
537
539
542
545
547
550
551
552
555
555
556
558
560
561
563
564
566
569
570
571
572
573
576
577
578
580
583
585
585
587
589
590
592
595
597
600
602
603
606
607
610
612
613
614
616
619
621
624
624
625
627
630
632
635
637
639
641
643
646
648
650
652
653
655
656
658
658
659
659
660
661
662
663
664
667
668
669
671
673
675
675
676
679
681
682
683
683
684
685
686
687
688
691
693
694
697
698
701
702
705
705
706
708
710
710
713
714
715
715
716
718
721
723
724
724
725
726
728
730
732
733
736
739
740
742
745
748
750
753
754
754
756
758
759
760
760
761
762
764
764
765
766
767
768
770
773
773
773
774
777
778
779
782
783
784
785
787
790
791
794
797
798
801
804
805
805
806
807
808
809
810
811
813
815
815
816
817
819
821
823
824
825
826
828
829
830
831
834
835
836
837
839
841
842
843
844
845
846
847
848
850
850
851
852
854
855
857
860
863
865
866
866
869
870
871
872
873
874
874
875
877
879
882
882
885
886
886
887
889
889
889
890
891
892
894
895
898
899
900
903
904
906
907
909
912
913
914
915
917
918
919
920
922
925
926
927
928
930
932
934
935
936
938
939
942
945
946
949
950
951
953
955
957
957
959
962
962
963
965
966
968
969
971
973
975
975
976
977
979
981
983
984
985
987
987
987
988
989
991
992
994
994
997
997
999
999
1000
1000
1001
1003
1004
1005
1006
1007
1008
1009
1010
1013
1014
1015
1017
1020
1022
1022
1024
1025
1026
1027
1028
1030
1030
1031
1032
1035
1036
1036
1038
1039
1040
1043
1046
1046
1047
1047
1048
1048
1051
1053
1055
1055
1056
1057
1058
1060
1062
1064
1065
1067
1068
1070
1071
1071
1071
1072
1075
1077
1077
1077
1079
1081
1081
1082
1082
1083
1086
1087
1088
1089
1091
1092
1094
1095
1095
1096
1097
1100
1102
1103
1104
1105
1105
1108
1110
1111
1112
1113
1114
1114
1115
1116
1118
1119
1119
1121
1122
1123
1124
1126
1127
1127
1128
1128
1130
1132
1132
1135
1137
1138
1140
1141
1141
1143
1144
1145
1146
1146
1147
1150
1150
1151
1154
1156
1158
1158
1160
1162
1163
1164
1167
1169
1170
1172
1175
1176
1177
1177
1177
1178
1179
1182
1182
1184
1187
1189
1190
1191
1193
1194
1194
1195
1195
1198
1198
1200
1201
1204
1206
1206
1206
1207
1207
1209
1209
1210
1211
1212
1213
1213
1215
1217
1218
1218
1218
1219
1220
1221
1222
1224
1225
1226
1226
1228
1228
1231
1231
1231
1231
1232
1235
1235
1238
1239
1240
1241
1241
1242
1244
1245
1246
1247
1247
1247
1247
1248
1249
1250
1251
1251
1253
1254
1255
1255
1258
1260
1261
1263
1264
1265
1266
1268
1269
1270
1271
1273
1273
1273
1275
1276
1277
1277
1279
1279
1281
1282
1282
1282
1282
1283
1284
1286
1287
1288
1291
1292
1293
1294
1295
1296
1299
1300
1303
1303
1303
1303
1304
1304
1305
1306
1307
1308
1310
1310
1313
1315
1315
1317
1318
1321
1324
1324
1326
1328
1328
1328
1329
1330
1331
1333
1333
1333
1333
1333
1334
1335
1337
1338
1339
1339
1340
1343
1344
1345
1345
1346
1348
1348
1351
1351
1351
1352
1353
1354
1355
1357
1357
1358
1360
1362
1362
1363
1363
1364
1366
1366
1366
1368
1370
1370
1372
1372
1373
1373
1375
1375
1376
1377
1378
1380
1380
1381
1381
1382
1383
1384
1387
1388
1388
1388
1389
1390
1392
1394
1395
1395
1396
1397
1399
1399
1399
1399
1399
1400
1400
1401
1402
1403
1405
1406
1406
1407
1409
1411
1411
1411
1413
1414
1414
1417
1418
1418
1420
1422
1422
1422
1423
1423
1424
1426
1428
1428
1428
1430
1430
1431
1432
1432
1432
1432
1433
1434
1434
1436
1437
1438
1438
1438
1440
1440
1441
1441
1442
1442
1443
1444
1446
1449
1450
1452
1453
1456
1458
1459
1459
1459
1460
1461
1461
1462
1463
1464
1466
1466
1467
1469
1471
1472
1473
1473
1474
1475
1476
1476
1477
1477
1477
1478
1478
1478
1478
1479
1480
1483
1485
1486
1487
1489
1490
1492
1492
1493
1494
1496
1498
1498
1499
1501
1502
1503
1503
1504
1505
1505
1505
1505
1506
1506
1508
1508
1511
1511
1511
1512
1512
1512
1512
1512
1512
1514
1515
1516
1516
1518
1520
1520
1520
1521
1521
1521
1521
1521
1523
1524
1524
1524
1525
1526
1526
1529
1529
1529
1530
1531
1532
1532
1532
1534
1535
1537
1538
1538
1541
1543
1544
1544
1544
1544
1544
1544
1544
1545
1546
1546
1546
1548
1549
1549
1550
1550
1551
1552
1552
1553
1554
1555
1555
1555
1555
1556
1556
1558
1558
1559
1560
1562
1563
1565
1567
1569
1570
1571
1573
1573
1573
1574
1574
1576
1579
1579
1579
1580
1583
1584
1585
1586
1587
1587
1589
1590
1591
1592
1593
1594
1596
1596
1598
1600
1600
1600
1602
1602
1603
1603
1604
1605
1605
1605
1606
1606
1607
1607
1610
1610
1613
1613
1614
1617
1620
1620
1620
1620
1620
1621
1623
1625
1627
1628
1631
1632
1632
1632
1633
1636
1637
1637
1638
1639
1640
1640
1640
1640
1640
1641
1643
1643
1643
1644
1645
1646
1647
1647
1647
1648
1648
1648
1648
1649
1649
1650
1651
1651
1653
1656
1657
1657
1659
1660
1660
1661
1662
1662
1662
1664
1664
1667
1667
1667
1668
1668
1669
1669
1669
1669
1670
1672
1672
1672
1672
1672
1672
1672
1672
1673
1674
1676
1677
1678
1679
1679
1679
1682
1682
1683
1686
1686
1687
1689
1691
1692
1692
1694
1694
1694
1695
1696
1696
1696
1697
1698
1699
1699
1699
1701
1702
1702
1705
1706
1708
1709
1710
1710
1712
1712
1714
1715
1717
1717
1718
1719
1720
1720
1721
1722
1723
1723
1724
1724
1725
1725
1725
1725
1725
1725
1727
1727
1727
1728
1728
1729
1729
1730
1731
1731
1731
1732
1734
1734
1734
1734
1736
1736
1737
1737
1737
1737
1737
1737
1737
1739
1740
1740
1741
1742
1742
1742
1742
1742
1742
1742
1744
1744
1745
1746
1746
1746
1746
1746
1746
1747
1748
1748
1748
1748
1749
1750
1750
1751
1751
1751
1752
1752
1752
1753
1754
1755
1755
1755
1756
1756
1756
1757
1757
1757
1758
1758
1758
1758
1759
1760
1760
1760
1760
1760
1761
1761
1761
1761
1761
1762
1762
1763
1763
1764
1766
1766
1767
1767
1767
1768
1768
1768
1769
1770
1772
1774
1775
1777
1777
1777
1777
1778
1779
1780
1780
1782
1782
1782
1783
1784
1784
1786
1787
1789
1790
1790
1792
1792
1793
1794
1795
1795
1795
1797
1798
1799
1799
1799
1800
1800
1800
1801
1801
1801
1801
1803
1803
1803
1805
1805
1805
1805
1805
1806
1806
1806
1808
1809
1811
1812
1813
1814
1815
1816
1816
1816
1817
1817
1818
1820
1821
1821
1821
1822
1822
1823
1824
1824
1825
1826
1827
1828
1829
1830
1831
1831
1832
1833
1834
1835
1836
1836
1837
1837
1837
1839
1839
1840
1842
1842
1842
1844
1844
1844
1844
1844
1845
1845
1845
1845
1846
1847
1847
1848
1851
1851
1852
1852
1852
1852
1852
1853
1854
1854
1856
1856
1857
1857
1857
1858
1860
1861
1862
1862
1862
1862
1863
1864
1864
1865
1866
1868
1868
1869
1869
1870
1872
1872
1873
1875
1875
1875
1875
1875
1876
1876
1877
1877
1877
1878
1879
1880
1880
1881
1881
1882
1882
1882
1882
1883
1883
1885
1887
1887
1888
1889
1890
1890
1890
1891
1892
1892
1892
1894
1894
1894
1894
1894
1894
1895
1895
1895
1897
1897
1897
1898
1900
1900
1901
1901
1901
1901
1902
1902
1903
1904
1907
1907
1907
1908
1908
1908
1909
1909
1909
1909
1911
1911
1911
1912
1912
1913
1913
1913
1913
1913
1913
1914
1914
1914
1914
1915
1917
1918
1918
1918
1919
1920
1921
1921
1922
1922
1923
1923
1924
1924
1925
1927
1927
1928
1928
1929
1929
1929
1929
1929
1929
1930
1930
1931
1931
1931
1933
1933
1933
1933
1933
1933
1933
1933
1933
1934
1935
1936
1936
1938
1939
1939
1939
1939
1940
1941
1943
1944
1946
1947
1947
1948
