0
0
0
0
0
0
0
0
0
0
0
0
0
0
0
0
0
0
0
0
0
0
0
0
0
0
0
0
0
0
0
0
0
0
0
0
0
0
0
0
1
1
2
2
2
2
2
2
2
2
2
2
2
3
3
3
3
3
3
3
3
3
3
3
3
3
3
3
3
3
3
3
3
3
3
3
3
3
3
3
3
3
3
3
3
3
3
3
4
4
4
4
5
5
5
5
5
5
5
6
6
6
6
6
6
6
6
6
6
6
6
6
6
6
6
6
6
7
7
7
7
7
7
7
7
7
7
7
7
7
7
7
7
7
7
7
7
7
7
7
7
9
9
9
9
9
9
9
9
9
9
9
9
11
11
12
12
12
12
12
12
12
12
12
12
12
12
12
12
12
12
12
12
12
14
14
15
15
15
15
16
16
16
16
16
16
19
19
19
19
19
19
19
19
19
19
19
19
19
20
20
20
22
22
22
22
22
23
23
23
23
23
23
23
23
23
23
23
23
23
23
23
23
23
23
24
25
25
25
25
25
25
27
27
27
27
27
27
27
27
27
27
27
28
28
28
28
28
29
30
30
30
30
30
30
30
30
30
30
31
31
31
31
31
31
31
31
31
31
31
31
32
32
32
32
32
32
32
33
33
33
33
34
34
34
34
34
35
36
36
36
36
36
36
36
37
37
37
37
37
37
38
39
39
39
39
39
39
39
39
39
39
41
43
43
43
43
43
43
43
43
43
43
43
44
44
45
47
50
51
52
53
54
55
56
56
57
57
57
57
57
57
57
58
58
58
58
60
60
61
61
62
62
62
62
62
62
62
63
64
64
66
66
67
68
68
68
68
70
70
70
70
70
70
70
70
71
72
73
73
74
74
75
75
75
75
75
75
75
75
75
75
75
75
76
76
76
78
78
78
78
78
78
78
78
78
80
81
81
82
82
82
84
85
85
85
85
85
85
86
87
87
87
87
87
88
88
88
88
88
88
90
90
90
90
90
91
92
93
93
94
94
95
95
97
98
98
99
100
101
101
102
102
104
105
106
108
109
109
110
112
112
112
113
113
114
114
115
116
116
117
118
119
120
120
121
121
122
122
122
123
125
126
126
127
127
127
127
127
127
128
129
129
129
129
132
132
132
132
132
132
132
133
133
135
135
135
138
138
138
138
141
141
141
141
141
141
141
142
142
142
142
143
144
145
147
147
150
151
151
151
152
152
153
154
155
156
156
157
158
159
161
162
163
163
164
164
164
165
165
165
165
165
166
169
169
170
172
172
173
173
174
177
177
178
178
178
178
178
178
179
179
179
180
180
181
183
183
183
183
185
185
185
186
186
186
186
187
187
187
187
187
187
188
188
190
191
192
192
193
193
194
194
194
194
195
196
197
199
199
199
202
204
204
204
205
205
205
206
206
207
209
209
209
209
210
210
210
210
210
210
211
211
211
211
211
211
212
214
214
214
214
214
217
218
219
221
221
221
221
223
223
223
223
223
223
224
224
225
225
226
226
227
227
227
227
227
229
230
230
231
232
232
232
233
233
234
234
235
236
237
237
238
239
239
240
240
240
241
241
242
243
244
245
248
249
249
252
252
252
252
252
252
253
253
255
256
256
258
258
258
259
259
259
260
260
260
260
260
262
262
262
262
262
262
262
262
263
263
264
265
265
265
265
265
266
266
266
268
270
271
271
272
272
274
274
274
274
275
275
275
276
278
280
280
280
282
282
282
282
283
285
286
287
287
288
288
289
289
289
292
293
293
293
295
295
296
296
298
298
298
298
298
298
298
300
300
300
301
302
303
303
304
305
305
306
306
306
306
306
306
307
308
308
308
310
310
311
311
311
312
313
313
314
315
316
316
316
316
316
317
317
317
317
319
319
319
319
319
319
320
320
320
320
321
323
327
328
328
328
329
329
330
331
332
332
332
333
333
333
333
334
334
337
338
338
338
339
339
339
340
340
343
345
345
345
345
346
347
347
347
347
348
349
350
350
350
350
350
351
352
352
353
353
353
354
354
355
355
355
355
355
355
359
359
359
359
360
363
364
364
364
365
365
365
365
367
367
370
370
370
370
370
371
371
371
371
372
372
374
374
375
375
376
376
376
376
376
376
377
377
378
378
378
378
379
380
381
381
381
381
382
383
386
386
386
386
386
386
386
386
387
388
389
389
389
390
391
393
393
393
393
394
394
396
398
398
400
402
402
402
402
402
404
404
406
406
406
406
406
406
408
408
408
408
409
410
410
410
412
412
412
412
413
413
414
414
414
414
415
416
417
420
420
420
423
424
424
425
425
425
425
426
426
428
430
430
431
431
431
432
434
435
436
436
436
437
437
437
438
438
438
438
438
438
438
438
438
441
443
443
444
446
446
449
449
449
449
451
451
451
451
453
453
455
455
456
456
456
456
456
456
456
457
457
458
458
458
458
458
458
458
458
458
458
459
459
459
461
463
463
463
464
464
464
464
464
464
464
464
464
464
464
464
467
467
467
468
468
469
469
469
471
472
474
475
475
475
476
476
476
476
476
476
476
476
477
478
478
478
478
479
479
481
481
482
482
482
482
482
482
482
482
482
482
482
482
482
482
483
485
485
487
489
489
490
491
491
491
491
492
492
493
494
494
494
495
496
499
500
501
501
501
501
501
502
503
504
505
505
505
507
507
507
507
509
509
510
510
510
511
511
511
511
511
512
512
512
512
512
512
513
516
516
516
516
516
516
516
517
518
520
521
524
525
525
525
527
527
528
528
529
530
531
531
531
531
531
531
532
532
532
534
534
534
534
534
534
535
535
535
535
536
536
537
539
539
539
542
543
543
543
543
543
544
545
545
545
546
546
549
549
549
549
549
550
550
550
550
552
554
554
554
554
554
554
554
554
554
555
555
555
556
557
557
557
560
560
561
562
562
563
565
566
567
567
568
568
568
569
570
570
570
571
572
573
573
573
577
577
577
577
577
577
578
579
579
580
580
580
581
583
583
583
584
585
585
586
587
588
588
590
590
590
590
590
590
590
590
590
590
590
591
591
592
592
592
593
593
593
593
595
595
595
595
597
597
597
597
597
597
597
597
597
597
597
597
597
598
598
598
598
598
598
598
600
600
600
601
601
601
601
601
601
602
603
603
603
603
604
605
605
606
606
606
607
607
607
608
609
610
610
610
610
610
610
611
611
611
612
612
612
612
612
612
612
612
612
612
614
614
614
614
614
615
615
616
616
617
619
619
620
620
620
622
622
622
623
623
624
624
625
627
627
627
627
628
629
630
630
632
632
632
633
634
634
634
635
636
636
636
638
638
638
639
640
640
640
642
645
646
646
646
648
648
648
649
649
649
649
651
651
651
653
653
653
653
653
654
654
654
655
656
658
659
660
660
660
660
660
660
661
661
661
662
663
663
663
664
664
665
666
666
667
668
670
671
674
674
675
675
676
677
677
678
679
679
680
680
680
682
682
683
685
685
685
686
686
686
686
686
687
687
687
687
687
687
687
688
691
691
692
692
692
692
692
693
694
694
694
694
695
695
695
695
697
698
699
699
699
699
700
701
701
702
703
704
704
705
705
706
708
708
709
711
711
711
711
711
712
712
715
715
715
716
717
718
718
719
719
720
720
720
720
721
721
723
725
725
726
727
728
728
728
729
729
729
729
731
731
731
731
731
731
732
732
732
734
734
734
736
739
739
740
740
740
740
741
741
742
744
747
747
747
748
748
748
749
749
749
749
751
751
751
751
751
751
751
751
751
751
751
752
752
752
752
753
755
756
756
756
757
758
759
759
760
760
761
761
762
762
764
766
766
767
767
768
768
768
768
768
768
769
769
771
771
771
772
772
772
772
772
772
772
772
772
773
774
777
777
780
780
780
780
780
780
781
783
784
786
786
786
787
