0
0
0
0
0
0
0
0
0
0
0
0
0
0
0
0
0
0
0
0
0
0
0
0
0
0
0
0
0
0
0
0
0
0
0
0
0
0
0
0
1
1
1
1
1
1
1
1
1
1
1
1
1
1
1
1
1
1
1
1
1
1
1
1
1
1
1
1
1
1
1
1
1
1
1
1
1
1
2
2
2
2
2
2
2
2
2
2
2
2
2
2
2
2
2
2
2
2
2
4
4
4
4
4
4
4
4
4
4
4
4
4
4
4
4
4
4
4
4
4
4
4
4
4
4
4
4
4
4
4
4
4
4
4
5
5
5
5
5
5
5
5
5
5
5
5
8
8
8
8
8
8
8
8
8
8
8
8
8
8
8
8
8
8
8
8
8
8
8
8
8
8
8
8
8
8
8
8
8
8
8
9
9
10
10
10
10
10
10
10
11
11
11
11
11
11
11
11
11
11
11
11
11
11
11
11
11
11
13
13
15
15
15
15
15
16
16
16
16
16
16
17
17
19
19
19
19
19
21
22
22
22
22
22
22
23
23
23
23
23
23
23
23
23
23
23
23
23
25
25
27
27
30
30
30
30
30
30
30
32
32
32
32
32
32
32
32
32
32
32
32
32
35
35
35
35
36
36
36
36
36
37
37
37
38
38
39
39
40
40
40
40
40
40
40
40
42
43
43
43
43
44
44
44
44
44
46
46
46
46
46
46
46
46
46
48
48
48
48
49
49
49
49
50
50
50
50
50
50
50
50
50
50
50
50
51
52
53
53
53
53
53
53
53
53
53
53
54
54
54
54
54
54
57
57
58
58
58
58
60
60
60
60
60
61
61
61
62
62
62
63
63
64
65
67
68
68
68
68
68
68
68
68
68
68
70
70
72
73
73
73
74
74
74
74
76
76
76
76
77
77
79
79
79
80
80
81
81
81
81
81
81
81
81
81
81
81
83
84
85
86
86
89
90
90
90
92
92
92
92
93
93
93
96
99
100
100
100
100
100
100
101
101
101
101
101
101
101
101
101
101
103
105
105
105
105
105
105
105
106
106
109
111
111
111
112
113
113
113
113
114
115
115
116
116
116
116
117
118
118
119
119
121
121
121
121
122
122
124
124
125
125
125
125
125
125
125
125
128
128
128
128
128
128
128
129
129
129
129
129
132
132
133
136
136
136
137
140
140
140
140
140
141
141
142
142
142
142
143
143
143
143
145
147
147
148
150
150
150
150
150
150
150
150
151
151
151
152
153
153
154
154
154
154
154
154
155
155
155
156
158
159
159
161
162
162
162
162
162
163
163
163
165
167
167
168
168
168
168
168
168
171
172
172
174
174
175
176
178
178
181
181
184
184
186
186
187
189
189
190
190
190
190
190
190
190
192
192
192
192
195
195
195
195
195
195
195
198
199
199
199
199
202
202
204
204
204
204
206
208
209
209
211
211
212
212
215
216
216
217
217
218
219
219
219
219
219
219
222
224
224
224
224
227
229
229
230
231
232
235
237
237
237
238
238
239
239
239
240
243
243
245
245
245
246
246
246
249
249
249
251
252
252
252
255
256
257
257
257
258
258
259
260
262
262
262
263
263
264
265
265
268
268
269
269
270
270
273
273
273
275
276
277
277
277
278
278
278
278
278
281
282
282
283
284
284
284
286
286
286
287
287
288
290
290
290
290
293
294
294
294
294
294
295
295
296
296
299
299
300
300
300
300
301
303
305
305
306
307
308
309
309
309
309
311
311
312
312
315
317
317
319
319
320
321
322
324
327
327
330
330
331
332
334
334
334
337
337
337
338
338
339
340
340
342
342
344
347
349
351
351
351
352
353
356
356
356
356
357
357
357
357
357
357
357
357
357
357
359
359
359
361
364
364
364
364
367
367
370
370
370
373
375
377
379
379
379
380
380
380
380
380
380
381
382
382
382
382
383
385
387
387
390
390
392
392
394
394
396
396
396
398
398
398
398
398
400
401
401
404
406
408
408
408
409
410
413
415
416
418
418
418
418
418
419
419
419
419
419
420
420
420
423
423
425
428
430
430
430
432
432
434
434
434
434
437
437
440
440
440
442
444
445
445
447
447
450
451
452
452
454
454
454
455
455
457
458
459
459
459
459
459
459
460
461
461
463
463
463
464
466
466
466
466
467
470
472
473
473
475
475
477
477
477
478
480
481
481
481
482
485
485
485
487
487
487
488
489
490
493
494
494
495
495
495
495
496
499
499
500
500
500
502
504
506
506
506
508
508
508
510
512
515
516
519
521
524
524
527
529
530
530
530
532
532
532
532
532
534
536
538
538
538
541
541
541
543
543
544
544
544
544
544
545
547
549
551
551
553
553
554
555
555
556
557
559
559
561
561
562
562
563
563
565
565
567
567
567
567
567
568
570
570
570
570
573
574
574
577
579
582
582
584
584
587
587
590
591
591
593
596
597
598
599
600
602
602
605
605
606
608
611
611
614
615
616
617
617
619
620
622
622
624
625
625
626
628
630
631
632
634
636
637
637
637
637
640
640
641
641
644
646
649
652
654
656
658
659
662
665
665
666
668
668
671
671
672
675
675
675
675
678
679
681
683
684
684
687
687
688
688
688
688
688
689
689
691
692
695
696
696
697
697
697
698
699
701
701
701
702
704
706
708
708
708
708
709
710
711
712
714
714
714
715
717
717
718
719
722
724
724
726
728
728
730
730
731
731
732
732
733
735
735
735
738
741
743
745
746
746
747
747
749
749
749
751
754
754
754
754
755
756
756
757
760
762
764
765
765
766
769
771
771
773
773
773
776
779
780
783
784
786
787
788
790
790
792
792
792
794
796
796
796
798
800
801
803
804
805
806
806
809
812
812
813
815
816
819
821
821
822
823
824
827
829
830
832
834
836
838
838
839
841
842
843
844
844
846
847
847
849
849
850
850
850
852
853
855
856
856
857
860
862
863
865
867
869
872
872
874
877
877
879
879
880
880
881
882
883
884
885
885
887
888
890
891
894
896
897
897
900
900
902
903
905
908
910
912
914
914
916
919
919
922
924
925
925
925
927
930
931
932
933
934
935
935
938
938
940
942
944
945
947
949
949
951
952
954
956
957
959
960
963
965
966
966
969
971
973
975
976
978
980
983
985
987
988
991
994
996
996
999
1001
1004
1005
1007
1009
1011
1011
1013
1013
1015
1018
1020
1022
1024
1025
1027
1029
1030
1032
1035
1037
1037
1037
1039
1042
1043
1044
1044
1045
1047
1049
1050
1051
1054
1056
1059
1059
1060
1061
1062
1064
1067
1067
1068
1071
1071
1073
1073
1073
1073
1073
1074
1077
1078
1078
1079
1079
1082
1082
1084
1087
1088
1089
1090
1090
1092
1092
1093
1096
1096
1097
1099
1100
1100
1102
1105
1106
1106
1107
1109
1111
1111
1112
1113
1113
1115
1117
1120
1120
1123
1124
1124
1127
1130
1132
1133
1135
1136
1138
1138
1138
1139
1139
1140
1140
1140
1142
1143
1146
1146
1149
1150
1150
1150
1152
1155
1155
1157
1158
1160
1162
1163
1163
1163
1163
1163
1165
1166
1169
1171
1172
1172
1172
1172
1175
1176
1177
1179
1179
1180
1180
1180
1183
1184
1185
1188
1189
1192
1193
1193
1196
1199
1200
1202
1204
1205
1206
1206
1208
1209
1211
1213
1214
1217
1217
1218
1220
1221
1222
1223
1224
1226
1227
1227
1228
1229
1230
1231
1233
1234
1234
1235
1237
1237
1237
1239
1240
1242
1244
1244
1245
1246
1246
1247
1249
1252
1254
1255
1256
1256
1257
1259
1260
1262
1263
1264
1266
1267
1269
1270
1272
1274
1274
1275
1276
1276
1279
1280
1280
1282
1285
1288
1290
1291
1292
1294
1295
1298
1300
1301
1302
1305
1305
1308
1310
1311
1312
1313
1313
1313
1315
1317
1318
1320
1323
1324
1327
1327
1327
1327
1329
1330
1330
1331
1332
1334
1335
1337
1340
1341
1343
1346
1346
1347
1347
1350
1351
1352
1355
1357
1357
1358
1360
1361
1362
1363
1364
1365
1366
1366
1367
1369
1370
1370
1373
1374
1376
1377
1380
1380
1380
1383
1385
1387
1389
1390
1392
1394
1395
1397
1399
1400
1400
1402
1403
1404
1407
1408
1411
1414
1416
1417
1418
1420
1422
1424
1424
1427
1427
1429
1431
1434
1435
1436
1438
1439
1440
1440
1440
1443
1444
