385.43999999999744
387.5999999999974
389.7599999999973
391.91999999999734
393.35999999999734
395.51999999999725
396.95999999999725
398.3999999999972
400.55999999999716
401.9999999999971
402.7199999999971
404.8799999999971
405.5999999999971
407.75999999999715
409.9199999999971
410.63999999999714
411.35999999999717
412.07999999999714
414.2399999999971
415.67999999999716
417.83999999999713
419.2799999999972
420.71999999999724
421.43999999999727
422.15999999999724
422.8799999999972
425.03999999999724
425.75999999999726
427.9199999999973
428.6399999999973
430.07999999999726
431.5199999999972
433.6799999999972
435.1199999999973
435.8399999999973
437.2799999999973
439.43999999999727
441.5999999999973
443.03999999999724
443.75999999999726
444.47999999999723
445.91999999999723
446.63999999999726
448.0799999999973
448.7999999999973
450.23999999999734
450.95999999999736
451.6799999999974
453.8399999999974
454.55999999999744
455.2799999999975
457.4399999999974
458.8799999999974
458.8799999999974
461.0399999999974
461.7599999999974
463.1999999999973
465.3599999999972
467.51999999999725
469.6799999999972
471.8399999999972
473.2799999999972
474.71999999999724
476.15999999999724
477.59999999999724
479.0399999999972
480.4799999999972
481.1999999999972
481.9199999999971
482.63999999999714
484.0799999999971
485.5199999999971
487.67999999999705
489.11999999999705
490.55999999999705
491.279999999997
493.439999999997
495.599999999997
497.039999999997
497.75999999999704
498.479999999997
499.19999999999703
500.63999999999703
501.35999999999706
502.7999999999971
504.2399999999971
505.67999999999705
507.1199999999971
507.83999999999713
509.9999999999971
511.4399999999971
513.5999999999972
513.5999999999972
514.3199999999972
515.0399999999972
515.7599999999973
517.1999999999973
519.3599999999973
520.0799999999973
520.0799999999973
520.7999999999973
522.9599999999973
525.1199999999973
527.2799999999974
529.4399999999973
530.8799999999974
532.3199999999974
533.7599999999974
534.4799999999974
536.6399999999975
538.0799999999975
540.2399999999974
541.6799999999974
543.1199999999975
544.5599999999976
546.7199999999976
548.1599999999977
548.8799999999976
549.5999999999976
551.7599999999977
553.1999999999978
554.6399999999978
556.7999999999979
558.239999999998
559.6799999999979
561.839999999998
563.279999999998
563.999999999998
565.439999999998
566.159999999998
566.8799999999981
568.3199999999981
569.7599999999981
570.4799999999981
571.1999999999981
571.9199999999981
573.3599999999982
574.7999999999982
576.2399999999983
577.6799999999984
578.3999999999983
579.1199999999983
579.8399999999983
580.5599999999984
581.2799999999984
581.9999999999983
581.9999999999983
584.1599999999983
585.5999999999983
587.7599999999984
588.4799999999984
589.1999999999985
590.6399999999984
589.9199999999985
591.3599999999985
591.3599999999985
592.0799999999984
594.2399999999985
594.9599999999986
597.1199999999986
599.2799999999986
601.4399999999987
602.8799999999987
604.3199999999987
605.0399999999987
606.4799999999988
607.1999999999988
609.3599999999988
610.7999999999988
611.5199999999988
612.2399999999988
613.6799999999987
614.3999999999987
616.5599999999988
617.2799999999987
617.9999999999987
618.7199999999988
619.4399999999988
620.8799999999989
621.5999999999989
621.5999999999989
622.3199999999989
624.4799999999989
625.9199999999988
628.0799999999989
628.7999999999988
627.3599999999989
629.5199999999988
631.6799999999988
632.3999999999987
633.8399999999988
635.2799999999987
637.4399999999988
638.8799999999989
640.3199999999988
641.0399999999988
642.4799999999989
644.6399999999988
646.0799999999989
647.5199999999988
648.9599999999989
650.399999999999
651.1199999999989
652.5599999999989
653.999999999999
656.1599999999988
657.5999999999989
659.0399999999988
659.7599999999989
660.4799999999989
660.4799999999989
662.639999999999
664.0799999999989
665.519999999999
666.239999999999
667.679999999999
669.1199999999991
671.2799999999991
672.7199999999991
673.4399999999991
674.1599999999992
675.5999999999992
676.3199999999993
676.3199999999993
677.0399999999993
677.7599999999993
678.4799999999992
679.9199999999992
679.9199999999992
680.6399999999992
681.3599999999992
683.5199999999992
682.7999999999993
684.2399999999991
686.3999999999992
686.3999999999992
687.1199999999992
687.8399999999991
689.9999999999991
690.7199999999991
692.8799999999992
695.0399999999993
696.4799999999993
696.4799999999993
698.6399999999993
700.7999999999993
702.2399999999993
702.9599999999995
702.9599999999995
704.3999999999994
705.1199999999994
705.8399999999995
705.8399999999995
707.2799999999995
707.9999999999995
710.1599999999995
710.8799999999994
711.5999999999995
712.3199999999995
712.3199999999995
714.4799999999996
716.6399999999995
718.0799999999996
718.7999999999996
720.9599999999996
721.6799999999996
722.3999999999996
723.1199999999995
724.5599999999996
725.9999999999997
727.4399999999997
728.1599999999996
728.1599999999996
730.3199999999996
731.7599999999996
732.4799999999996
733.1999999999995
734.6399999999995
734.6399999999995
736.7999999999996
738.2399999999997
739.6799999999996
739.6799999999996
740.3999999999996
741.1199999999995
742.5599999999995
743.9999999999995
745.4399999999996
746.1599999999995
748.3199999999996
750.4799999999997
751.9199999999996
754.0799999999997
754.7999999999997
755.5199999999998
756.9599999999998
756.9599999999998
757.6799999999998
759.1199999999998
760.5599999999997
761.2799999999997
761.9999999999997
761.9999999999997
763.4399999999997
765.5999999999998
766.3199999999998
767.0399999999998
767.7599999999999
768.4799999999999
770.64
771.36
772.0799999999999
772.0799999999999
772.8
774.2400000000001
774.2400000000001
775.6800000000001
777.1200000000001
777.8400000000001
779.2800000000001
781.4400000000002
782.8800000000002
785.0400000000003
786.4800000000002
786.4800000000002
788.6400000000002
788.6400000000002
789.3600000000001
788.6400000000002
788.6400000000002
788.6400000000002
789.3600000000004
790.8000000000003
791.5200000000003
792.9600000000004
792.9600000000004
792.9600000000004
794.4000000000003
796.5600000000004
798.0000000000005
800.1600000000004
801.6000000000005
803.0400000000005
803.7600000000006
805.2000000000005
807.3600000000005
808.8000000000005
808.8000000000005
810.2400000000006
810.2400000000006
811.6800000000005
811.6800000000005
813.1200000000006
813.1200000000006
813.8400000000006
813.8400000000006
814.5600000000006
815.2800000000007
815.2800000000007
815.2800000000007
816.0000000000007
816.7200000000006
817.4400000000006
817.4400000000006
818.1600000000007
819.6000000000007
821.0400000000008
821.0400000000008
820.3200000000007
822.4800000000007
823.9200000000008
824.6400000000008
825.3600000000008
825.3600000000008
826.0800000000008
826.8000000000008
826.8000000000008
826.8000000000008
826.8000000000008
828.9600000000007
829.6800000000006
830.4000000000007
831.8400000000007
832.5600000000007
834.7200000000007
835.4400000000006
837.6000000000007
837.6000000000007
838.3200000000007
839.7600000000007
841.2000000000007
841.2000000000007
843.3600000000008
844.0800000000008
844.0800000000008
844.0800000000008
844.8000000000009
844.8000000000009
846.9600000000008
848.4000000000009
849.1200000000009
849.1200000000009
849.8400000000009
850.5600000000009
852.0000000000008
853.4400000000009
853.4400000000009
853.4400000000009
855.6000000000009
857.0400000000009
857.7600000000009
859.200000000001
859.920000000001
861.360000000001
862.8000000000011
864.9600000000011
865.680000000001
865.680000000001
867.120000000001
867.8400000000009
867.8400000000009
868.560000000001
868.560000000001
869.280000000001
870.0000000000009
870.7200000000009
870.7200000000009
871.440000000001
872.1600000000009
872.8800000000009
873.6000000000008
873.6000000000008
875.7600000000008
875.7600000000008
875.7600000000008
876.4800000000007
877.9200000000006
877.9200000000006
877.9200000000006
880.0800000000007
880.0800000000007
880.8000000000006
880.8000000000006
882.2400000000007
882.9600000000007
882.9600000000007
885.1200000000007
886.5600000000006
886.5600000000006
888.0000000000007
890.1600000000008
890.1600000000008
890.1600000000008
889.4400000000007
889.4400000000007
889.4400000000007
888.7200000000006
888.7200000000006
889.4400000000007
890.1600000000007
890.1600000000007
890.1600000000007
890.8800000000007
890.8800000000007
892.3200000000007
893.0400000000006
894.4800000000006
894.4800000000006
894.4800000000006
895.2000000000006
895.9200000000005
895.9200000000005
895.9200000000005
895.9200000000005
898.0800000000005
898.0800000000005
898.8000000000005
898.8000000000005
900.2400000000005
901.6800000000005
901.6800000000005
900.9600000000005
900.9600000000005
901.6800000000004
901.6800000000004
902.4000000000004
903.1200000000005
904.5600000000005
904.5600000000005
905.2800000000004
905.2800000000004
906.0000000000005
906.7200000000005
908.1600000000005
910.3200000000006
910.3200000000006
911.7600000000007
912.4800000000007
912.4800000000007
914.6400000000008
915.3600000000008
916.0800000000008
916.0800000000008
916.8000000000009
916.0800000000008
916.0800000000008
916.8000000000008
916.0800000000008
917.5200000000008
919.6800000000007
919.6800000000007
919.6800000000007
920.4000000000008
920.4000000000008
921.1200000000007
922.5600000000007
922.5600000000007
922.5600000000007
922.5600000000007
923.2800000000008
924.0000000000008
925.4400000000009
925.4400000000009
926.8800000000009
926.8800000000009
926.1600000000009
928.320000000001
926.8800000000009
927.6000000000009
928.320000000001
929.7600000000009
931.2000000000008
931.9200000000009
931.9200000000009
931.9200000000009
932.6400000000009
932.6400000000009
933.3600000000009
933.3600000000009
934.080000000001
935.5200000000009
934.800000000001
934.800000000001
934.800000000001
936.2400000000009
936.9600000000008
938.4000000000009
939.1200000000008
939.1200000000008
940.5600000000009
941.2800000000009
943.440000000001
945.6000000000009
945.6000000000009
945.6000000000009
946.320000000001
946.320000000001
946.320000000001
947.760000000001
948.480000000001
948.480000000001
949.200000000001
949.200000000001
949.200000000001
949.200000000001
950.640000000001
951.360000000001
952.800000000001
953.520000000001
954.9600000000011
955.680000000001
957.120000000001
957.120000000001
957.120000000001
957.840000000001
958.560000000001
958.560000000001
960.000000000001
960.720000000001
961.4400000000011
961.4400000000011
961.4400000000011
961.4400000000011
961.4400000000011
962.1600000000011
963.600000000001
964.3200000000011
965.0400000000011
965.0400000000011
967.2000000000011
967.2000000000011
968.6400000000011
968.6400000000011
968.6400000000011
968.6400000000011
967.9200000000011
968.6400000000012
968.6400000000012
969.3600000000013
969.3600000000013
970.0800000000013
970.0800000000013
970.8000000000013
971.5200000000013
973.6800000000013
973.6800000000013
973.6800000000013
974.4000000000013
975.1200000000014
976.5600000000014
976.5600000000014
975.8400000000015
975.1200000000015
975.8400000000014
976.5600000000014
976.5600000000014
978.0000000000015
978.0000000000015
978.0000000000015
978.7200000000015
980.1600000000014
979.4400000000014
979.4400000000014
980.8800000000015
981.6000000000015
981.6000000000015
983.7600000000015
985.9200000000013
985.9200000000013
986.6400000000014
986.6400000000014
986.6400000000014
986.6400000000014
988.8000000000014
990.2400000000015
991.6800000000015
991.6800000000015
991.6800000000015
990.9600000000015
991.6800000000015
993.1200000000015
994.5600000000014
996.0000000000014
994.5600000000014
995.2800000000013
995.2800000000013
995.2800000000013
996.0000000000014
996.0000000000014
996.0000000000014
995.2800000000013
997.4400000000013
998.8800000000014
998.8800000000014
998.8800000000014
1000.3200000000014
1001.0400000000014
1001.0400000000014
1001.0400000000014
1001.0400000000014
1001.0400000000014
1003.2000000000015
1003.2000000000015
1003.9200000000014
1004.6400000000014
1006.0800000000014
1006.8000000000014
1006.8000000000014
1006.8000000000014
1006.8000000000014
1006.8000000000014
1006.8000000000014
1008.9600000000014
1010.4000000000013
1010.4000000000013
1011.1200000000014
1011.1200000000014
1011.1200000000014
1012.5600000000013
1013.2800000000013
1013.2800000000013
1014.0000000000013
1014.0000000000013
1014.0000000000013
1014.0000000000013
1014.0000000000013
1014.7200000000012
1016.1600000000012
1016.1600000000012
1016.1600000000012
1016.8800000000011
1016.8800000000011
1016.8800000000011
1016.8800000000011
1016.1600000000011
1016.1600000000011
1016.1600000000011
1014.7200000000012
1014.7200000000012
1016.1600000000011
1017.600000000001
1017.600000000001
1019.7600000000011
1020.480000000001
1021.2000000000011
1021.2000000000011
1021.2000000000011
1021.2000000000011
1021.2000000000011
1021.9200000000011
1022.640000000001
1022.640000000001
1022.640000000001
1023.3600000000009
1024.8000000000009
1024.8000000000009
1025.520000000001
1027.680000000001
1029.120000000001
1029.120000000001
1029.120000000001
1030.5600000000009
1032.0000000000011
1032.7200000000012
1033.440000000001
1035.600000000001
1037.040000000001
1037.040000000001
1038.480000000001
1039.920000000001
1039.920000000001
1040.640000000001
1040.640000000001
1040.640000000001
1041.360000000001
1041.360000000001
1043.5200000000013
1043.5200000000013
1043.5200000000013
1044.2400000000011
1044.9600000000012
1045.6800000000012
1045.6800000000012
1047.1200000000013
1046.4000000000012
1046.4000000000012
1047.1200000000013
1047.1200000000013
1048.5600000000013
1048.5600000000013
1050.0000000000014
1050.0000000000014
1050.7200000000012
1050.7200000000012
1050.7200000000012
1050.7200000000012
1050.0000000000011
1050.0000000000011
1051.4400000000012
1051.4400000000012
1051.4400000000012
1050.7200000000012
1050.7200000000012
1050.7200000000012
1050.7200000000012
1051.4400000000012
1052.8800000000012
1052.8800000000012
1052.8800000000012
1052.8800000000012
1051.4400000000012
1051.4400000000012
1052.1600000000012
1052.880000000001
1052.880000000001
1053.600000000001
1053.600000000001
1053.600000000001
1053.600000000001
1053.600000000001
1055.7600000000011
1055.7600000000011
1055.7600000000011
1055.7600000000011
1056.4800000000012
1057.2000000000012
1057.2000000000012
1059.3600000000013
1059.3600000000013
1059.3600000000013
1059.3600000000013
1059.3600000000013
1059.3600000000013
1060.080000000001
1060.800000000001
1060.800000000001
1061.5200000000011
1061.5200000000011
1061.5200000000011
1061.5200000000011
1062.2400000000011
1062.2400000000011
1062.2400000000011
1062.9600000000012
1062.9600000000012
1062.9600000000012
1063.6800000000012
1063.6800000000012
1063.6800000000012
1065.8400000000013
1066.5600000000013
1066.5600000000013
1068.0000000000014
1068.0000000000014
1068.0000000000014
1068.0000000000014
1069.4400000000012
1070.1600000000012
1070.8800000000012
1071.600000000001
1072.320000000001
1072.320000000001
1072.320000000001
1073.7600000000014
1073.0400000000013
1073.7600000000014
1073.7600000000014
1075.2000000000014
1075.2000000000014
1076.6400000000015
1076.6400000000015
1076.6400000000015
1076.6400000000015
1076.6400000000015
1076.6400000000015
1075.9200000000017
1074.4800000000016
1074.4800000000016
1075.2000000000016
1077.3600000000017
1077.3600000000017
1078.0800000000015
1078.0800000000015
1078.0800000000015
1078.0800000000015
1080.2400000000016
1080.9600000000016
1082.4000000000017
1082.4000000000017
1082.4000000000017
1082.4000000000017
1082.4000000000017
1082.4000000000017
1080.9600000000016
1080.9600000000016
1081.6800000000017
1082.4000000000017
1083.1200000000017
1083.1200000000017
1085.2800000000018
1086.0000000000018
1086.0000000000018
1085.2800000000018
1084.5600000000018
1086.7200000000018
1088.880000000002
1088.880000000002
1089.600000000002
1090.3200000000022
1090.3200000000022
1090.3200000000022
1091.0400000000022
1091.0400000000022
1091.0400000000022
1091.760000000002
1091.760000000002
1091.760000000002
1091.760000000002
1091.760000000002
1091.760000000002
1091.760000000002
1093.200000000002
1093.200000000002
1093.9200000000021
1093.9200000000021
1093.9200000000021
1096.080000000002
1096.080000000002
1096.800000000002
1096.800000000002
1097.520000000002
1098.960000000002
1098.960000000002
1098.240000000002
1098.240000000002
1098.240000000002
1098.960000000002
1098.960000000002
1097.520000000002
1097.520000000002
1098.960000000002
1098.960000000002
1098.960000000002
1100.400000000002
1101.8400000000022
1101.8400000000022
1101.120000000002
1101.120000000002
1099.680000000002
1101.1200000000022
1101.1200000000022
1101.1200000000022
1102.560000000002
1103.2800000000022
1103.2800000000022
1104.7200000000023
1104.7200000000023
1104.7200000000023
1104.7200000000023
1104.7200000000023
1104.7200000000023
1104.7200000000023
1105.440000000002
1105.440000000002
1106.8800000000022
1106.8800000000022
1107.600000000002
1107.600000000002
1108.320000000002
1108.320000000002
1109.040000000002
1110.4800000000023
1111.2000000000023
1111.2000000000023
1111.2000000000023
1111.2000000000023
1111.2000000000023
1111.9200000000021
1113.3600000000022
1114.0800000000022
1114.0800000000022
1114.0800000000022
1114.0800000000022
1113.360000000002
1113.360000000002
1113.360000000002
1113.360000000002
1113.360000000002
1114.0800000000022
1114.0800000000022
1114.8000000000022
1114.8000000000022
1114.8000000000022
1115.520000000002
1116.240000000002
1116.240000000002
1116.240000000002
1116.9600000000019
1116.9600000000019
1116.9600000000019
1116.9600000000019
1118.400000000002
1118.400000000002
1118.400000000002
1119.120000000002
1118.400000000002
1118.400000000002
1118.400000000002
1118.400000000002
1118.400000000002
1118.400000000002
1119.120000000002
1119.120000000002
1118.400000000002
1119.840000000002
1119.840000000002
1119.840000000002
1119.840000000002
1121.280000000002
1121.280000000002
1122.000000000002
1121.280000000002
1121.280000000002
1121.280000000002
1121.280000000002
1121.280000000002
1121.280000000002
1121.280000000002
1122.7200000000018
1122.000000000002
1122.7200000000018
1122.7200000000018
1122.7200000000018
1123.4400000000019
1123.4400000000019
1123.4400000000019
1123.4400000000019
1124.160000000002
1124.160000000002
1124.160000000002
1124.160000000002
1124.880000000002
1124.880000000002
1125.600000000002
1127.0400000000018
1125.600000000002
1127.0400000000018
1128.4800000000018
1128.4800000000018
1128.4800000000018
1128.4800000000018
1129.2000000000019
1129.2000000000019
1129.2000000000019
1128.4800000000018
1127.7600000000018
1128.4800000000018
1129.2000000000019
1129.2000000000019
1129.920000000002
1130.640000000002
1130.640000000002
1130.640000000002
1130.640000000002
1130.640000000002
1131.3600000000017
1131.3600000000017
1132.0800000000017
1132.0800000000017
1132.0800000000017
1132.0800000000017
1132.0800000000017
1132.8000000000018
1132.8000000000018
1132.8000000000018
1132.8000000000018
1133.5200000000018
1134.2400000000018
1134.2400000000018
1134.2400000000018
1134.9600000000019
1134.9600000000019
1134.9600000000019
1135.6800000000017
1134.9600000000019
1134.9600000000019
1135.6800000000019
1136.400000000002
1136.400000000002
1137.840000000002
1137.840000000002
1138.560000000002
1138.560000000002
1139.280000000002
1138.5600000000022
1138.5600000000022
1138.5600000000022
1139.2800000000022
1139.2800000000022
1139.2800000000022
1139.2800000000022
1140.000000000002
1140.000000000002
1140.720000000002
1140.720000000002
1142.1600000000021
1142.1600000000021
1142.1600000000021
1142.8800000000022
1142.8800000000022
1142.8800000000022
1142.8800000000022
1142.8800000000022
1142.8800000000022
1144.320000000002
1144.320000000002
1145.040000000002
1145.040000000002
1145.040000000002
1145.040000000002
1145.040000000002
1145.040000000002
1145.040000000002
1145.040000000002
1145.040000000002
1145.040000000002
1145.040000000002
1146.480000000002
1147.200000000002
1147.200000000002
1147.200000000002
1147.920000000002
1148.640000000002
1148.640000000002
1148.640000000002
1148.640000000002
1148.640000000002
1148.640000000002
1149.360000000002
1149.360000000002
1149.360000000002
1149.360000000002
1149.360000000002
1149.360000000002
1149.360000000002
1149.360000000002
1149.360000000002
1151.5200000000018
1152.2400000000018
1152.9600000000019
1152.9600000000019
1152.9600000000019
1152.9600000000019
1152.9600000000019
1152.9600000000019
1152.9600000000019
1152.9600000000019
1152.9600000000019
1152.9600000000019
1152.9600000000019
1154.4000000000021
1154.4000000000021
1154.4000000000021
1153.6800000000019
1153.6800000000019
1153.6800000000019
1154.400000000002
1154.400000000002
1155.120000000002
1155.840000000002
1156.560000000002
1156.560000000002
1156.560000000002
1156.560000000002
1157.2800000000018
1157.2800000000018
1158.720000000002
1158.720000000002
1159.440000000002
1159.440000000002
1159.440000000002
1160.1600000000021
1160.1600000000021
1160.1600000000021
1161.600000000002
1161.600000000002
1161.600000000002
1163.040000000002
1163.040000000002
1163.040000000002
1163.040000000002
1163.040000000002
1163.760000000002
1165.200000000002
1165.200000000002
1165.200000000002
1165.200000000002
1166.640000000002
1165.2000000000019
1165.2000000000019
1165.2000000000019
1165.920000000002
1165.920000000002
1167.3600000000017
1168.0800000000017
1168.0800000000017
1168.0800000000017
1168.0800000000017
1168.0800000000017
1169.5200000000018
1169.5200000000018
1169.5200000000018
1170.9600000000019
1170.9600000000019
1170.9600000000019
1170.9600000000019
1170.9600000000019
1170.9600000000019
1170.9600000000019
1171.6800000000019
1171.6800000000019
1171.6800000000019
1171.6800000000019
1172.400000000002
1172.400000000002
1172.400000000002
1172.400000000002
1174.560000000002
1174.560000000002
1176.720000000002
1176.720000000002
1176.720000000002
1176.720000000002
1178.8800000000022
1178.8800000000022
1178.8800000000022
1178.8800000000022
1178.8800000000022
1179.600000000002
1180.320000000002
1181.0400000000022
1181.0400000000022
1181.0400000000022
1181.0400000000022
1181.0400000000022
1181.0400000000022
1181.0400000000022
1180.3200000000022
1182.480000000002
1182.480000000002
1182.480000000002
1182.480000000002
1182.480000000002
1182.480000000002
1182.480000000002
1182.480000000002
1182.480000000002
1182.480000000002
1183.200000000002
1183.920000000002
1183.920000000002
1183.920000000002
1183.2000000000019
1183.920000000002
1184.640000000002
1185.360000000002
1185.360000000002
1185.360000000002
1185.360000000002
1185.360000000002
1185.360000000002
1185.360000000002
1185.360000000002
1185.360000000002
1185.360000000002
1184.640000000002
1184.640000000002
1186.080000000002
1186.080000000002
1186.080000000002
1186.080000000002
1187.520000000002
1188.2400000000018
1188.2400000000018
1188.2400000000018
1188.2400000000018
1188.2400000000018
1188.2400000000018
1188.9600000000019
1188.9600000000019
1188.9600000000019
1188.9600000000019
1188.9600000000019
1189.6800000000019
1189.6800000000019
1189.6800000000019
1189.6800000000019
1189.6800000000019
1189.6800000000019
1188.960000000002
1188.960000000002
1188.960000000002
1188.960000000002
1188.960000000002
1188.960000000002
1188.960000000002
1188.960000000002
1188.960000000002
1189.680000000002
1189.680000000002
1191.1200000000022
1191.840000000002
1191.840000000002
1191.840000000002
1191.840000000002
1191.840000000002
1191.840000000002
1191.840000000002
1191.840000000002
1193.280000000002
1193.280000000002
1193.280000000002
1193.280000000002
1194.0000000000018
1194.0000000000018
1194.0000000000018
1194.7200000000018
1194.7200000000018
1194.7200000000018
1194.7200000000018
1194.7200000000018
1194.7200000000018
1194.7200000000018
1194.7200000000018
1194.7200000000018
1194.7200000000018
1194.7200000000018
1194.7200000000018
1193.2800000000018
1194.0000000000018
1194.0000000000018
1196.160000000002
1196.880000000002
1198.320000000002
1198.320000000002
1198.320000000002
1198.320000000002
1199.0400000000018
1199.0400000000018
1200.4800000000018
1200.4800000000018
1200.4800000000018
1200.4800000000018
1201.2000000000019
1201.2000000000019
1201.2000000000019
1201.2000000000019
1201.2000000000019
1201.2000000000019
1201.2000000000019
1201.2000000000019
1200.4800000000018
1200.4800000000018
1201.2000000000019
1201.2000000000019
1201.2000000000019
1201.2000000000019
1201.2000000000019
1201.2000000000019
1202.6400000000021
1202.6400000000021
1202.6400000000021
1202.6400000000021
1202.6400000000021
1202.6400000000021
1202.6400000000021
1203.3600000000022
1203.3600000000022
1203.3600000000022
1203.3600000000022
1204.0800000000022
1204.0800000000022
1204.0800000000022
1204.0800000000022
1204.0800000000022
1204.0800000000022
1204.0800000000022
1204.800000000002
1204.800000000002
1204.800000000002
1204.800000000002
1204.800000000002
1204.800000000002
1204.800000000002
1206.240000000002
1206.960000000002
1206.960000000002
1207.680000000002
1207.680000000002
1207.680000000002
1207.680000000002
1207.680000000002
1207.680000000002
1207.680000000002
1207.680000000002
1207.680000000002
1207.680000000002
1208.400000000002
1208.400000000002
1208.400000000002
1208.400000000002
1208.400000000002
1208.400000000002
1208.400000000002
1208.400000000002
1208.400000000002
1208.400000000002
1208.400000000002
1208.400000000002
1208.400000000002
1208.400000000002
1208.400000000002
1208.400000000002
1208.400000000002
1208.400000000002
1208.400000000002
1208.400000000002
1208.400000000002
1208.400000000002
1208.400000000002
1208.400000000002
1208.400000000002
1208.400000000002
1209.120000000002
1209.120000000002
1209.120000000002
1209.120000000002
1209.120000000002
1209.120000000002
1209.120000000002
1209.120000000002
1209.120000000002
1209.120000000002
1209.840000000002
1210.560000000002
1210.560000000002
1210.560000000002
1210.560000000002
1210.560000000002
1209.840000000002
1209.840000000002
1209.840000000002
1209.840000000002
1209.840000000002
1209.840000000002
1209.840000000002
1209.840000000002
1209.840000000002
1209.840000000002
1209.840000000002
1209.840000000002
1209.840000000002
1209.840000000002
1209.840000000002
1209.120000000002
1209.120000000002
1209.120000000002
1209.120000000002
1209.840000000002
1210.5600000000018
1212.0000000000018
1212.0000000000018
1212.0000000000018
1212.0000000000018
1212.0000000000018
1212.0000000000018
1212.0000000000018
1212.0000000000018
1212.0000000000018
1212.0000000000018
1212.0000000000018
1212.0000000000018
1212.0000000000018
1212.0000000000018
1212.0000000000018
1212.0000000000018
1213.4400000000019
1213.4400000000019
1214.160000000002
1214.880000000002
1214.880000000002
1214.880000000002
1214.880000000002
1215.600000000002
1215.600000000002
1215.600000000002
1215.600000000002
1215.600000000002
1215.600000000002
1214.160000000002
1214.160000000002
1214.160000000002
1214.160000000002
1213.440000000002
1213.440000000002
1213.440000000002
1213.440000000002
1213.440000000002
1213.440000000002
1213.440000000002
1213.440000000002
1213.440000000002
1213.440000000002
1213.440000000002
1213.440000000002
1213.440000000002
1213.440000000002
1213.440000000002
1213.440000000002
1213.440000000002
1213.440000000002
1214.160000000002
1214.160000000002
1214.160000000002
1214.160000000002
1214.160000000002
1214.880000000002
1215.600000000002
1216.320000000002
1216.320000000002
1216.320000000002
1216.320000000002
1216.320000000002
1217.040000000002
1217.760000000002
1217.760000000002
1217.760000000002
1217.760000000002
1217.760000000002
1217.760000000002
1217.760000000002
1217.760000000002
1217.760000000002
1217.760000000002
1217.760000000002
1217.040000000002
1217.040000000002
1215.600000000002
1216.320000000002
1216.320000000002
1216.320000000002
1216.320000000002
1216.320000000002
1217.040000000002
1217.040000000002
1217.040000000002
1217.040000000002
1217.040000000002
1217.040000000002
1217.040000000002
1217.040000000002
1217.040000000002
1217.040000000002
1217.040000000002
1217.040000000002
1217.040000000002
1217.7600000000018
1217.7600000000018
1217.7600000000018
1217.7600000000018
1217.7600000000018
1217.7600000000018
1217.7600000000018
1217.7600000000018
1217.7600000000018
1218.4800000000018
1219.2000000000019
1219.2000000000019
1219.2000000000019
1219.2000000000019
1219.2000000000019
1219.2000000000019
1219.2000000000019
1219.2000000000019
1219.2000000000019
1219.2000000000019
1219.2000000000019
1219.2000000000019
1219.2000000000019
1220.640000000002
1220.640000000002
1220.640000000002
1220.640000000002
1220.640000000002
1221.360000000002
1221.360000000002
1221.360000000002
1221.360000000002
1221.360000000002
1221.360000000002
1221.360000000002
1221.360000000002
1221.360000000002
1221.360000000002
1221.360000000002
1221.360000000002
1222.0800000000017
1222.0800000000017
1222.0800000000017
1222.0800000000017
1222.0800000000017
1222.0800000000017
1222.0800000000017
1222.0800000000017
1222.0800000000017
1222.0800000000017
1222.0800000000017
1222.0800000000017
1222.0800000000017
1222.0800000000017
1222.0800000000017
1220.640000000002
1220.640000000002
1220.640000000002
1220.640000000002
1220.640000000002
1220.640000000002
1220.640000000002
1220.640000000002
1220.640000000002
1220.640000000002
1220.640000000002
1220.640000000002
1220.640000000002
1220.640000000002
1220.640000000002
1220.640000000002
1220.640000000002
1220.640000000002
1220.640000000002
1220.640000000002
1220.640000000002
1220.640000000002
1220.640000000002
1220.640000000002
1221.3600000000017
1221.3600000000017
1221.3600000000017
1221.3600000000017
1221.3600000000017
1221.3600000000017
1221.3600000000017
1221.3600000000017
1221.3600000000017
1221.3600000000017
1221.3600000000017
1221.3600000000017
1221.3600000000017
1221.3600000000017
1221.3600000000017
1220.6400000000017
1219.9200000000017
1219.9200000000017
1219.9200000000017
1219.9200000000017
1219.9200000000017
1219.9200000000017
1219.9200000000017
1219.9200000000017
1219.9200000000017
1219.2000000000016
1219.2000000000016
1219.2000000000016
1219.2000000000016
1219.2000000000016
1219.2000000000016
1219.2000000000016
1219.2000000000016
1219.2000000000016
1219.2000000000016
1219.2000000000016
1219.2000000000016
1219.2000000000016
1219.2000000000016
1219.9200000000017
1219.9200000000017
1220.6400000000017
1220.6400000000017
1220.6400000000017
1220.6400000000017
1220.6400000000017
1220.6400000000017
1220.6400000000017
1220.6400000000017
1220.6400000000017
1220.6400000000017
1220.6400000000017
1220.6400000000017
1220.6400000000017
1220.6400000000017
1220.6400000000017
1220.6400000000017
1220.6400000000017
1220.6400000000017
1220.6400000000017
1220.6400000000017
1220.6400000000017
1220.6400000000017
1220.6400000000017
1220.6400000000017
1220.6400000000017
1219.9200000000017
1219.9200000000017
1219.9200000000017
1219.9200000000017
1219.9200000000017
1219.9200000000017
1219.9200000000017
1219.9200000000017
1219.9200000000017
1219.9200000000017
1219.9200000000017
1219.9200000000017
1219.9200000000017
1219.2000000000016
1219.2000000000016
1219.2000000000016
1219.9200000000017
1219.9200000000017
1219.9200000000017
1219.9200000000017
1219.9200000000017
1219.9200000000017
1219.9200000000017
1219.9200000000017
1219.9200000000017
1219.9200000000017
1219.9200000000017
1218.4800000000016
1218.4800000000016
1217.7600000000018
1218.4800000000018
1218.4800000000018
1218.4800000000018
1218.4800000000018
1219.2000000000019
1219.2000000000019
1219.2000000000019
1219.2000000000019
1219.2000000000019
1219.920000000002
1219.920000000002
1219.920000000002
