855.7599999999985
855.7599999999985
405.2599999999968
405.2599999999968
977.0799999999997
977.0799999999997
927.5199999999995
927.5199999999995
941.4399999999995
941.4399999999995
978.2799999999997
978.2799999999997
993.9999999999998
993.9999999999998
953.7499999999992
953.7499999999992
829.2199999999993
829.2199999999993
793.7699999999991
793.7699999999991
908.7999999999994
908.7999999999994
919.7199999999992
919.7199999999992
711.9999999999976
711.9999999999976
164.71999999999622
164.71999999999622
942.6399999999995
942.6399999999995
955.3599999999994
955.3599999999994
990.3999999999996
990.3999999999996
911.7999999999995
911.7999999999995
911.7999999999995
911.7999999999995
813.4999999999993
813.4999999999993
808.6999999999991
808.6999999999991
874.3599999999992
874.3599999999992
873.5699999999991
873.5699999999991
794.5899999999991
794.5899999999991
824.9199999999985
824.9199999999985
386.0699999999967
386.0699999999967
931.1199999999997
931.1199999999997
924.5199999999994
924.5199999999994
961.9599999999997
961.9599999999997
994.5999999999998
994.5999999999998
976.4799999999997
976.4799999999997
835.6299999999997
835.6299999999997
812.2999999999993
812.2999999999993
906.8099999999994
906.8099999999994
941.4399999999995
941.4399999999995
889.8899999999993
889.8899999999993
788.0799999999982
788.0799999999982
323.0899999999977
323.0899999999977
958.3599999999996
958.3599999999996
945.0399999999996
945.0399999999996
927.5199999999995
927.5199999999995
961.9599999999997
961.9599999999997
992.7999999999997
992.7999999999997
778.049999999999
778.049999999999
783.6699999999994
783.6699999999994
904.4099999999992
904.4099999999992
952.9599999999992
952.9599999999992
903.9999999999992
903.9999999999992
837.0399999999984
837.0399999999984
316.8699999999966
316.8699999999966
979.4799999999998
979.4799999999998
957.1599999999995
957.1599999999995
942.6399999999995
942.6399999999995
960.7599999999996
960.7599999999996
960.7599999999996
960.7599999999996
876.5699999999994
876.5699999999994
870.159999999999
870.159999999999
936.2299999999991
936.2299999999991
819.8099999999989
819.8099999999989
814.0999999999993
814.0999999999993
737.319999999998
737.319999999998
81.12999999999673
81.12999999999673
976.4799999999997
976.4799999999997
924.5199999999994
924.5199999999994
929.3199999999996
929.3199999999996
941.4399999999995
941.4399999999995
928.1199999999995
928.1199999999995
906.8099999999994
906.8099999999994
837.9299999999989
837.9299999999989
761.9499999999991
761.9499999999991
747.6199999999991
747.6199999999991
826.8199999999993
826.8199999999993
882.3999999999984
882.3999999999984
343.19999999999703
343.19999999999703
992.7999999999997
992.7999999999997
974.6799999999996
974.6799999999996
959.5599999999996
959.5599999999996
993.3999999999997
993.3999999999997
960.7599999999996
960.7599999999996
890.0799999999992
890.0799999999992
807.089999999999
807.089999999999
829.2199999999993
829.2199999999993
954.7599999999994
954.7599999999994
862.0499999999994
862.0499999999994
737.319999999998
737.319999999998
314.7899999999966
314.7899999999966
926.9199999999995
926.9199999999995
977.0799999999997
977.0799999999997
942.0399999999995
942.0399999999995
961.3599999999997
961.3599999999997
927.5199999999995
927.5199999999995
796.3899999999993
796.3899999999993
936.6399999999993
936.6399999999993
777.8599999999991
777.8599999999991
910.4099999999995
910.4099999999995
893.4899999999994
893.4899999999994
768.159999999998
768.159999999998
208.94999999999635
208.94999999999635
976.4799999999997
976.4799999999997
912.9999999999995
912.9999999999995
961.3599999999997
961.3599999999997
955.3599999999994
955.3599999999994
959.5599999999996
959.5599999999996
845.1299999999993
845.1299999999993
819.3099999999995
819.3099999999995
777.2599999999991
777.2599999999991
905.1999999999991
905.1999999999991
862.0499999999992
862.0499999999992
717.3999999999978
717.3999999999978
192.52999999999733
192.52999999999733
923.3199999999994
923.3199999999994
960.1599999999996
960.1599999999996
943.2399999999996
943.2399999999996
893.6799999999994
893.6799999999994
959.5599999999996
959.5599999999996
827.6099999999992
827.6099999999992
842.7299999999992
842.7299999999992
763.9399999999991
763.9399999999991
858.449999999999
858.449999999999
899.799999999999
899.799999999999
