957.1599999999995
939.0399999999994
826.4099999999992
939.6399999999994
941.4399999999995
792.3799999999991
973.4799999999996
871.1699999999992
941.4399999999995
875.9699999999993
860.2499999999993
877.1699999999994
940.2399999999994
856.0499999999992
857.4399999999991
906.2099999999994
843.3299999999992
892.4799999999993
937.8399999999993
890.4899999999993
956.5599999999995
953.5599999999994
952.9599999999994
870.7599999999991
845.1299999999993
806.489999999999
763.3399999999991
992.1999999999997
972.2799999999995
943.2399999999996
969.2799999999994
812.2999999999993
909.8099999999995
937.2399999999993
749.8299999999992
886.4799999999991
960.1599999999996
890.0799999999992
939.0399999999994
812.2999999999993
922.7199999999993
828.2099999999992
921.5199999999993
877.1699999999994
824.6099999999991
844.5299999999993
777.449999999999
902.1999999999991
757.3399999999989
894.0899999999995
912.2099999999996
828.8099999999993
906.9999999999993
904.5999999999992
866.6599999999996
887.0799999999991
829.2199999999993
955.3599999999994
795.3799999999992
906.9999999999993
845.5399999999994
972.2799999999995
937.8399999999993
958.9599999999996
937.2399999999993
905.1999999999992
890.4899999999993
926.3199999999995
961.3599999999997
921.9299999999994
911.0099999999995
923.3199999999994
956.5599999999995
892.2899999999994
919.7199999999992
875.3699999999993
877.1699999999994
948.7599999999992
810.0899999999991
860.2499999999992
832.8199999999995
891.0899999999993
896.4899999999996
751.6299999999993
855.4499999999991
766.7499999999993
920.9199999999993
904.5999999999992
840.3299999999991
791.7799999999991
849.1399999999995
889.4799999999992
942.0399999999995
920.3199999999993
826.8199999999993
875.9699999999993
920.3199999999993
842.7299999999992
909.8099999999994
777.8599999999991
957.7599999999995
957.7599999999995
957.7599999999995
825.2099999999991
878.9699999999995
922.1199999999993
808.289999999999
840.3299999999991
942.0399999999995
893.4899999999994
951.7599999999993
780.2599999999992
939.6399999999994
856.6499999999992
922.1199999999993
874.7699999999993
919.7199999999992
760.939999999999
919.7199999999992
955.9599999999995
888.2799999999992
834.0199999999995
889.8899999999992
958.9599999999996
784.2699999999994
908.6099999999994
973.4799999999996
955.9599999999995
795.9799999999992
888.6899999999993
850.2399999999989
695.4699999999989
888.8799999999992
772.4599999999989
867.759999999999
828.0199999999993
812.2999999999993
849.1399999999995
925.7199999999995
902.7999999999992
926.9199999999995
828.8099999999993
908.1999999999994
878.3699999999994
837.329999999999
901.5999999999991
792.9799999999991
893.4899999999994
958.9599999999996
895.8899999999995
860.2499999999993
976.4799999999997
891.2799999999993
974.0799999999996
729.309999999999
938.4399999999994
905.7999999999993
954.1599999999994
972.8799999999995
890.4899999999993
875.5599999999993
891.6899999999994
843.3299999999992
959.5599999999996
893.4899999999994
923.9199999999994
905.0099999999992
842.7299999999992
926.1299999999995
890.0799999999992
827.0099999999992
923.3199999999994
908.1999999999994
933.9299999999998
925.1199999999994
826.2199999999992
829.8199999999994
917.9199999999992
859.0499999999993
909.2099999999995
937.8399999999993
890.0799999999992
841.5299999999992
891.6899999999994
938.4399999999994
876.5699999999994
954.1599999999994
792.569999999999
907.5999999999993
957.1599999999995
958.9599999999996
875.9699999999993
893.4899999999994
913.4099999999996
993.9999999999998
940.8399999999995
762.5499999999992
906.3999999999993
825.8099999999991
872.9699999999992
842.7299999999992
835.529999999999
888.8799999999992
917.9199999999992
960.1599999999996
992.1999999999997
822.809999999999
894.0899999999995
735.9099999999993
887.6799999999992
909.2099999999995
853.839999999999
971.6799999999995
891.8799999999993
871.1699999999992
907.5999999999993
733.5099999999992
902.1999999999991
902.1999999999991
922.7199999999993
808.289999999999
850.9399999999996
888.2799999999992
891.0899999999993
859.6499999999993
954.7599999999994
859.0499999999993
855.6399999999991
921.5199999999993
765.1399999999992
859.6499999999993
903.3999999999992
956.5599999999995
860.2499999999993
884.679999999999
890.4899999999993
829.4099999999993
875.3699999999993
937.8399999999993
897.0899999999996
763.3399999999991
821.609999999999
937.8399999999993
827.6099999999991
826.4099999999992
859.6499999999993
875.3699999999993
844.5299999999993
864.7599999999989
936.6399999999993
