2
4
5
8
10
13
16
19
20
22
23
25
26
27
28
29
32
34
35
36
38
39
41
43
44
47
48
50
52
55
58
60
61
64
65
67
70
71
72
73
76
79
80
81
84
90
91
93
97
99
101
102
105
108
109
110
111
112
114
115
116
119
121
122
123
125
127
129
131
134
136
139
141
143
145
146
147
152
154
157
158
159
160
160
162
164
165
167
170
171
174
177
178
179
180
181
184
186
188
189
190
193
194
197
198
199
201
202
203
205
207
212
213
214
216
217
218
220
221
222
225
226
229
231
233
233
236
239
241
244
247
250
252
255
257
263
264
265
268
269
270
273
274
275
277
279
281
284
287
288
289
290
293
294
299
301
302
307
310
311
313
316
319
321
327
330
331
336
337
338
341
343
345
351
354
357
360
361
362
365
366
368
370
373
375
377
379
381
383
383
385
387
392
392
394
397
399
404
405
407
409
410
412
417
420
423
429
432
433
433
439
440
441
444
446
449
451
452
455
456
459
459
461
463
465
466
467
468
470
471
472
473
475
479
480
482
483
484
489
494
495
496
502
505
508
510
511
514
516
519
521
522
524
527
530
531
534
535
536
539
545
547
549
550
551
554
557
560
561
562
564
564
565
566
569
571
573
576
578
580
580
586
589
591
592
594
595
596
598
601
602
605
605
607
610
612
614
619
621
623
625
627
630
633
636
636
639
641
642
643
647
653
655
658
658
659
662
662
664
665
666
669
670
675
677
682
683
685
685
686
688
690
691
696
702
705
708
709
711
717
719
720
721
727
727
729
729
732
733
736
738
739
739
740
745
746
747
749
753
754
755
758
761
762
764
767
768
771
774
775
776
777
777
778
780
781
782
785
786
787
787
789
790
792
793
797
801
802
802
803
804
805
805
806
807
809
812
814
815
817
820
826
827
828
831
832
835
841
841
843
845
847
849
850
851
852
853
854
860
865
868
869
874
876
876
877
877
880
882
886
888
893
894
896
900
901
903
904
907
908
908
909
911
913
914
920
920
920
921
922
924
927
930
935
938
940
941
942
943
945
950
951
953
954
956
957
959
959
961
964
967
970
970
973
976
979
985
985
988
990
992
994
998
1001
1002
1003
1004
1007
1012
1014
1014
1014
1015
1016
1017
1019
1020
1022
1022
1028
1028
1030
1035
1035
1036
1038
1038
1040
1041
1042
1043
1045
1048
1053
1057
1057
1063
1063
1065
1069
1070
1070
1071
1071
1072
1075
1075
1079
1079
1080
1081
1082
1085
1087
1087
1088
1089
1089
1093
1095
1095
1096
1097
1099
1103
1103
1105
1105
1107
1109
1109
1111
1116
1116
1117
1119
1120
1123
1124
1127
1128
1129
1130
1130
1134
1139
1139
1139
1142
1148
1149
1150
1150
1153
1154
1156
1161
1164
1165
1167
1169
1170
1171
1171
1172
1173
1175
1175
1177
1177
1177
1178
1183
1183
1184
1184
1184
1185
1190
1192
1194
1200
1203
1204
1205
1210
1211
1214
1216
1217
1219
1219
1222
1225
1228
1228
1230
1232
1233
1236
1237
1238
1239
1242
1245
1246
1250
1252
1257
1259
1259
1262
1264
1269
1272
1272
1272
1272
1272
1272
1273
1276
1278
1283
1284
1284
1290
1292
1297
1298
1300
1300
1302
1306
1308
1313
1315
1316
1319
1325
1326
1328
1328
1328
1331
1333
1334
1336
1338
1341
1341
1344
1346
1352
1352
1353
1357
1358
1360
1361
1362
1368
1372
1377
1383
1389
1394
1395
1396
1396
1396
1402
1407
1409
1411
1412
1415
1419
1419
1420
1421
1427
1427
1429
1430
1434
1439
1443
1446
1446
1447
1449
1451
1452
1453
1455
1457
1457
1462
1463
1464
1466
1468
1468
1469
1471
1472
1478
1478
1478
1483
1483
1487
1490
1490
1491
1496
1499
1499
1499
1500
1501
1501
1504
1508
1514
1518
1519
1519
1519
1520
1521
1521
1523
1526
1526
1527
1527
1531
1532
1536
1536
1540
1542
1548
1552
1552
1556
1559
1560
1566
1568
1569
1570
1571
1571
1571
1572
1572
1572
1573
1574
1576
1578
1584
1588
1591
1593
1593
1595
1599
1601
1601
1603
1604
1604
1605
1607
1609
1609
1613
1614
1618
1619
1619
1619
1621
1624
1624
1626
1629
1629
1635
1635
1637
1637
1637
1637
1638
1642
1647
1652
1652
1654
1655
1656
1657
1659
1660
1661
1666
1666
1668
1671
1671
1671
1673
1673
1673
1674
1679
1680
1680
1683
1688
1688
1691
1693
1695
1701
1701
1701
1701
1703
1705
1707
1707
1707
1708
1709
1713
1716
1717
1719
1725
1725
1727
1728
1730
1731
1731
1731
1732
1733
1735
1740
1740
1746
1748
1748
1749
1754
1754
1754
1755
1758
1759
1760
1760
1760
1764
1766
1767
1768
1769
1775
1779
1785
1789
1792
1793
1799
1799
1800
1800
1801
1802
1803
1806
1808
1810
1812
1812
1813
1813
1813
1815
1815
1818
1819
1822
1827
1827
1829
1831
1832
1837
1837
1837
1842
1848
1849
1850
1855
1855
1855
1860
1860
1860
1860
1860
1862
1862
1862
1862
1865
1865
1866
1871
1871
1871
1871
1871
1871
1876
1876
1876
1882
1887
1891
1892
1894
1894
1894
1900
1901
1904
1904
1905
1905
1905
1909
1913
1914
1916
1916
1916
1919
1919
1924
1926
1926
1928
1928
1931
1937
1937
1940
1946
1948
1950
1954
1955
1955
1958
1958
1962
1968
1969
1971
1977
1977
1983
1989
1990
1992
1992
1993
1997
1997
1998
1998
1999
1999
1999
2000
2006
2006
2006
2010
2010
2011
2011
2012
2012
2012
2012
2012
2012
2013
2018
2019
2020
2021
2026
2032
2033
2038
2038
2041
2041
2041
2041
2041
2044
2044
2045
2047
2049
2055
2056
2057
2057
2058
2058
2058
2059
2061
2062
2062
2062
2064
2065
2065
2067
2067
2068
2074
2076
2076
2079
2079
2084
2084
2084
2084
2085
2085
2085
2086
2090
2090
2096
2096
2097
2097
2099
2101
2101
2105
2107
2107
2108
2108
2113
2113
2113
2113
2113
2113
2115
2116
2116
2117
2118
2119
2124
2124
2125
2125
2125
2131
2131
2133
2139
2139
2140
2144
2145
2145
2145
2147
2148
2148
2148
2151
2151
2157
2159
2160
2166
2168
2172
2172
2177
2183
2185
2185
2185
2186
2186
2187
2187
2187
2192
2192
2192
2193
2193
2199
2201
2201
2201
2203
2203
2205
2207
2207
2211
2211
2212
2213
2217
2218
2220
2224
2226
2227
2227
2233
2235
2235
2235
2235
2235
2235
2235
2239
2242
2242
2247
2249
2250
2251
2251
2251
2251
2251
2251
2251
2251
2257
2257
2258
2259
2260
2265
2269
2269
2270
2276
2281
2281
2283
2283
2283
2284
2287
2289
2291
2293
2293
2293
2295
2295
2295
2295
2296
2298
2302
2302
2305
2309
2310
2315
2316
2317
2317
2318
2322
2322
2322
2325
2325
2327
2327
2328
2328
2331
2331
2331
2335
2336
2338
2341
2341
2341
2343
2343
2343
2343
2347
2347
2347
2349
2353
2353
2353
2357
2357
2357
2357
2359
2361
2363
2365
2365
2367
2367
2369
2369
2371
2371
2371
2376
2378
2378
2378
2378
2380
2382
2388
2388
2389
2391
2391
2392
2392
2392
2395
2396
2398
2398
2399
2399
2399
2399
2401
2401
2407
2409
2415
2415
2415
2421
2421
2421
2421
2421
2421
2421
2421
2423
2425
2428
2429
2433
2435
2435
2435
2441
2447
2449
2449
2449
2450
2456
2457
2462
2462
2466
2466
2466
2466
2466
2466
2468
2471
2471
2471
2476
2480
2480
2484
2488
2492
2494
2496
2498
2503
2503
2503
2505
2506
2506
2507
2510
2510
2510
2510
2510
2510
2513
2519
2519
2519
2523
2523
2523
2524
2524
2524
2524
2526
2531
2537
2537
2537
2540
2546
2546
2546
2547
2547
2547
2547
2552
2553
2559
2559
2559
2565
2565
2565
2565
2565
2565
2566
2567
2570
2570
2575
2575
2575
2575
2577
2577
2579
2579
2581
2585
2585
2591
2591
2591
2595
2596
2597
2602
2602
2602
2604
2604
2604
2606
2607
2613
2613
2613
2614
2614
2614
2620
2624
2624
2624
2625
2625
2625
2631
2631
2631
2635
2635
2635
2635
2637
2637
2643
2643
2643
2644
2644
2644
2644
2646
2649
2649
2649
2649
2649
2649
2654
2658
2658
2658
2660
2660
2660
2660
2660
2660
2660
2660
2666
2666
2667
2667
2668
2668
2668
2674
2674
2674
2674
2674
2674
2674
2674
2674
2674
2674
2674
2674
2680
2680
2680
2680
2682
2682
2683
2683
2684
2685
2685
2685
2685
2685
2685
2686
2687
2687
2689
2695
2695
2695
2695
2701
2701
2701
2701
2703
2703
2703
2705
2705
2706
2706
2706
2709
2711
2715
2719
2719
2723
2724
2724
2725
2725
2730
2730
2734
2739
2739
2743
2743
2746
2746
2746
2746
2748
2748
2750
2752
2755
2756
2762
2762
2764
2768
2772
2772
2772
2772
2772
2772
2778
2778
2778
2778
2779
2784
2786
2787
2787
2787
2789
2794
2794
2794
2794
2794
2794
2794
2796
2796
2800
2800
2800
2800
2800
2800
2800
2801
2805
2806
2808
2808
2811
2813
2813
2818
2818
2818
2820
2820
2822
2827
2833
2833
2835
2835
2837
2837
2838
2838
2840
2840
2840
2840
2840
2846
2846
2846
2846
2846
2846
2846
2848
2849
2854
2854
2854
2854
2854
2854
2854
2854
2854
2854
2854
2854
2854
2854
2854
2856
2856
2856
2857
2857
2857
2857
2857
2857
2857
2858
2858
2858
2858
2862
2862
2864
2865
2865
2870
2870
2872
2876
2876
2876
2877
2877
2878
2878
2878
2878
2878
2880
2880
2880
2880
2881
2881
2881
2881
2881
2881
2881
2881
2883
2887
2887
2891
2891
2897
2899
2899
2899
2902
2906
2908
2913
2919
2921
2921
2926
2926
2930
2931
2931
2935
2935
2935
2935
2937
2937
2943
2943
2943
2943
2943
2943
2943
2943
2943
2943
2943
2945
2945
2945
2945
2946
2948
2950
2950
2952
2954
2958
2963
2963
2969
2974
2974
2974
2974
2974
2978
2982
2982
2982
2983
2985
2985
2985
2985
2985
2989
2990
2996
2998
2998
2998
3000
3000
3000
3000
3000
3003
3003
3003
3003
3003
3003
3003
3003
3004
3006
3008
3009
3009
3009
3010
3010
3010
3010
3010
3012
3012
3012
3018
3024
3024
