18.5625
46.171875
49.0546875
45.9453125
32.44921875
20.40625
43.43359375
20.77734375
51.30859375
29.2734375
26.1171875
38.5859375
38.85546875
49.13671875
22.48046875
24.7578125
19.0859375
59.125
42.48828125
60.9609375
43.44140625
38.984375
52.56640625
23.45703125
28.765625
52.70703125
30.87109375
48.67578125
26.515625
42.09375
57.54296875
46.3515625
34.40625
31.88671875
27.5078125
57.44921875
49.703125
47.59765625
57.66015625
48.45703125
31.046875
53.875
60.62109375
55.40625
41.33203125
37.234375
62.61328125
44.97265625
31.74609375
34.99609375
42.6953125
55.37109375
56.05859375
67.56640625
39.3671875
67.8359375
67.61328125
35.87890625
64.47265625
67.5078125
39.8125
72.70703125
54.046875
72.6484375
52.375
72.77734375
66.625
56.58203125
60.76171875
63.328125
77.61328125
51.0859375
77.578125
77.61328125
77.70703125
72.4765625
77.6484375
67.26171875
47.9140625
52.57421875
57.3984375
53.48046875
81.640625
65.375
70.77734375
59.39453125
67.88671875
57.87890625
71.2734375
53.47265625
87.5078125
55.65234375
56.08203125
87.4375
87.28515625
87.5078125
67.234375
87.35546875
71.4296875
82.9609375
59.73046875
92.0078125
64.8125
92.18359375
61.296875
69.109375
82.64453125
83.53125
81.80078125
79.3828125
72.17578125
83.51953125
76.1640625
83.40234375
83.34375
83.44921875
83.49609375
83.3671875
83.53125
74.1015625
88.44921875
88.68359375
83.58203125
69.57421875
79.7734375
88.68359375
88.53125
88.42578125
75.51171875
71.3203125
90.9375
87.2734375
91.6640625
91.5390625
89.3046875
90.87890625
85.875
90.734375
91.0234375
89.5859375
91.18359375
91.06640625
81.13671875
91.171875
86.12890625
91.04296875
91.23046875
90.6640625
91.30078125
80.77734375
91.38671875
84.515625
96.16015625
96.1015625
96.01953125
96.11328125
88.296875
96.03125
96.03125
96.03125
90.5859375
90.5390625
90.6328125
90.5859375
90.5390625
90.5625
90.6328125
90.52734375
90.5859375
90.16796875
95.5859375
95.57421875
95.609375
95.52734375
95.59765625
95.52734375
95.65625
95.65625
95.48046875
95.609375
90.0
90.0
90.0
90.0
90.0
90.0
90.0
90.0
90.0
90.0
95.0
95.0
95.0
95.0
95.0
95.0
95.0
95.0
95.0
95.0
