198
490
521
489
344
218
464
222
548
311
223
356
354
469
184
208
148
574
396
592
358
308
455
143
200
455
222
413
176
340
448
331
205
178
133
454
363
347
449
352
118
361
434
377
227
184
455
267
125
160
189
324
332
453
153
454
455
116
422
454
104
451
255
452
236
451
390
283
327
352
455
172
455
455
455
399
455
345
138
187
183
139
430
260
319
204
287
184
326
140
452
114
118
452
452
452
236
452
281
404
104
441
158
445
120
203
345
356
337
308
184
304
225
304
304
304
304
304
304
204
304
304
251
102
212
304
304
304
166
120
261
224
261
268
243
263
209
261
263
250
226
226
119
226
173
226
226
221
226
115
170
96
211
211
217
213
134
209
209
216
113
113
113
113
113
113
113
113
113
109
113
113
113
113
113
113
113
113
113
113
0
0
0
0
0
0
0
0
0
0
0
0
0
0
0
0
0
0
0
0
