198
492
522
490
345
218
464
222
548
312
225
360
360
473
187
210
150
580
402
599
358
308
492
143
200
497
222
413
176
340
532
335
207
180
134
515
371
349
501
357
118
361
434
377
227
184
556
267
125
160
189
325
332
598
153
598
531
116
422
561
104
496
258
548
239
585
392
284
330
357
472
172
486
478
492
399
478
345
138
187
187
143
446
272
330
210
298
193
338
145
494
114
118
550
505
507
236
501
281
404
104
448
159
557
120
205
349
359
340
314
184
362
225
547
473
436
472
584
423
204
323
595
251
102
212
406
434
549
166
120
366
238
575
286
462
466
224
398
483
322
392
569
119
466
173
232
554
221
291
115
176
102
524
409
388
385
142
552
434
468
418
511
520
275
383
309
175
599
279
109
227
459
533
345
127
253
338
360
490
238
566
116
266
294
447
561
343
478
116
243
248
301
394
296
317
564
197
140
594
460
