0.25
0.55
0.55
0.8
0.8166666666666667
0.73
0.8014285714285714
0.8122222222222222
0.745
0.7591176470588236
0.7672727272727272
0.7655555555555555
0.7661764705882353
0.787125
0.797608695652174
0.8024038461538462
0.7894444444444444
0.821764705882353
0.8285897435897436
0.8330232558139535
0.8351612903225807
0.8380392156862745
0.8500454545454545
0.845546218487395
0.8480859375
0.8407971014492753
0.8470068027210884
0.8450961538461539
0.8423170731707317
0.8397041420118343
0.7802366863905326
0.6885502958579882
0.6335975609756097
0.6140384615384615
0.6045637583892618
0.5865068493150685
0.5880851063829787
0.5881428571428572
0.6252919708029198
