0.75
1.7999999999999998
1.3199999999999998
1.7999999999999998
1.02
1.157142857142857
5.315263157894735
1.2705882352941174
9.629999999999999
6.382333333333329
10.765806451612908
15.194062500000001
16.95731707317072
36.538999999999994
29.322820512820513
27.770263157894743
34.182608695652185
59.51589743589745
50.55759259259261
69.42857142857143
66.19916666666666
68.41482758620693
76.43894736842107
73.89118644067797
73.07454545454547
85.93651515151521
84.96935483870968
87.32919354838712
89.94973684210518
93.73706666666658
