2
3
4
5
8
11
12
14
17
19
22
25
27
30
32
33
34
37
39
41
42
44
46
48
49
50
51
52
55
57
58
60
61
64
65
68
69
70
73
75
77
78
80
82
85
86
89
92
95
96
97
99
101
102
103
106
107
108
111
114
116
118
121
122
125
128
130
131
132
134
135
137
138
140
142
143
146
149
151
154
157
159
162
163
163
165
167
170
171
172
173
175
176
179
181
184
187
190
192
193
194
196
199
200
203
205
207
209
210
211
213
214
217
219
222
224
225
226
227
228
230
233
234
235
236
238
240
243
245
246
248
249
252
255
256
257
260
261
264
266
268
270
273
274
275
278
281
282
285
287
289
290
292
294
297
298
299
301
302
305
306
307
306
307
308
311
314
315
318
319
321
323
325
327
328
331
332
335
337
339
340
342
343
345
347
349
350
351
354
356
359
361
364
367
369
370
373
373
373
375
376
378
379
381
382
384
386
388
391
392
392
394
395
396
396
398
401
403
405
406
408
411
413
415
417
418
420
422
424
427
429
431
433
433
435
436
438
441
442
442
443
445
448
450
450
453
454
457
458
459
460
463
463
466
469
471
473
474
477
479
482
483
484
486
489
492
491
494
495
497
496
499
500
502
504
505
505
507
509
512
514
516
516
517
519
522
523
526
527
528
528
531
532
534
535
538
540
541
541
543
543
545
546
548
551
553
555
555
554
556
557
558
559
561
562
563
562
563
566
567
568
570
573
576
577
580
583
584
585
586
585
588
590
593
596
597
596
596
597
599
602
604
606
608
610
612
614
614
614
615
618
620
620
622
625
626
629
631
632
635
636
638
639
641
641
642
645
647
648
650
652
654
655
658
661
663
665
667
669
671
674
675
675
678
679
680
680
681
681
682
684
685
687
688
689
690
691
692
694
697
700
701
701
701
701
702
704
705
707
708
709
709
712
712
713
713
716
718
720
719
720
722
724
723
724
726
727
728
731
731
732
735
736
735
735
737
738
736
738
740
741
744
745
746
747
748
747
747
749
748
749
750
753
753
753
755
755
755
756
757
759
760
761
763
763
763
763
766
769
769
770
771
773
775
775
777
777
778
775
774
775
777
779
781
781
783
783
784
785
786
784
784
785
786
785
787
788
789
790
792
790
792
794
795
795
795
796
796
799
800
800
800
802
805
805
806
805
805
804
805
805
805
808
809
810
812
812
812
815
815
817
817
817
817
818
819
820
821
821
820
820
821
822
823
824
825
825
827
825
826
827
828
828
829
829
830
831
833
834
833
834
835
836
836
837
840
841
841
844
844
847
847
848
849
848
847
848
848
850
852
855
856
856
856
857
859
859
858
858
860
863
866
867
868
870
871
872
872
872
872
872
873
875
876
876
876
878
879
879
880
881
882
884
886
888
889
890
891
892
893
894
894
896
896
896
899
900
900
900
900
901
903
901
901
902
901
901
901
901
899
900
902
902
903
903
903
904
903
903
903
903
904
902
902
903
903
905
905
906
908
909
911
911
912
912
913
914
914
914
914
912
911
914
912
912
913
913
915
915
916
916
918
917
918
920
921
923
925
924
924
926
925
925
925
926
924
924
925
925
925
926
927
929
932
933
933
932
933
933
934
935
938
938
938
938
938
939
942
943
944
945
946
946
947
950
952
953
951
951
952
955
954
955
955
954
955
955
955
958
959
958
956
956
957
957
958
961
962
964
964
965
965
965
966
966
966
966
965
965
968
968
968
968
966
966
967
967
967
966
967
969
970
970
970
971
972
972
973
974
973
973
974
976
977
980
983
983
983
982
981
982
983
983
984
985
985
988
990
991
992
991
991
993
993
996
998
997
997
1000
1000
1002
1002
1002
1002
1003
1003
1004
1003
1003
1003
1004
1006
1007
1009
1009
1009
1010
1011
1011
1014
1015
1015
1016
1019
1018
1019
1020
1020
1020
1023
1024
1027
1027
1028
1029
1028
1028
1025
1026
1027
1027
1025
1025
1025
1027
1028
1029
1030
1032
1031
1031
1031
1031
1032
1032
1033
1033
1032
1032
1032
1033
1033
1033
1033
1033
1033
1034
1035
1035
1036
1036
1037
1038
1039
1039
1042
1042
1044
1045
1044
1044
1045
1048
1048
1048
1049
1050
1051
1050
1050
1050
1050
1050
1049
1049
1051
1051
1053
1054
1054
1054
1057
1057
1058
1058
1060
1059
1060
1060
1061
1062
1062
1063
1065
1065
1066
1065
1065
1066
1066
1066
1069
1070
1070
1071
1073
1073
1073
1073
1074
1074
1074
1076
1078
1078
1078
1078
1078
1079
1079
1080
1081
1082
1082
1082
1084
1084
1084
1084
1085
1087
1087
1088
1089
1089
1090
1091
1091
1091
1091
1091
1091
1091
1091
1093
1093
1093
1093
1095
1095
1097
1097
1097
1097
1097
1097
1097
1099
1100
1103
1103
1103
1104
1105
1106
1106
1106
1106
1105
1106
1106
1105
1106
1106
1104
1104
1106
1105
1103
1103
1106
1104
1105
1106
1106
1106
1108
1109
1110
1110
1110
1109
1109
1109
1108
1108
1108
1109
1109
1108
1110
1110
1110
1110
1109
1109
1109
1109
1109
1109
1109
1109
1109
1108
1108
1108
1108
1109
1110
1110
1110
1110
1110
1111
1111
1112
1112
1111
1111
1111
1110
1110
1111
1114
1113
1116
1116
1117
1116
1117
1117
1118
1118
1118
1118
1119
1119
1120
1119
1119
1120
1120
1121
1120
1118
1118
1118
1119
1120
1120
1119
1119
1120
1121
1121
1121
1122
1122
1122
1122
1122
1122
1123
1122
1122
1121
1121
1120
1120
1120
1120
1120
1120
1118
1116
1116
1116
1116
1116
1116
1117
1117
1117
1117
1117
1116
1116
1116
1116
1116
1116
1116
1116
1116
1116
1116
1116
1116
1116
1116
1116
1116
1115
1115
1114
1114
1113
1112
1112
1112
1111
1111
1110
