0
0
0
0
0
0
0
0
0
0
0
0
0
0
0
0
0
0
0
0
0
0
0
0
0
0
0
0
0
0
0
0
0
0
0
0
0
0
0
0
0
0
0
0
0
0
0
0
0
0
0
0
0
0
0
0
0
0
0
0
0
0
0
0
0
0
0
0
0
0
0
0
0
0
0
0
0
0
0
0
0
0
0
0
0
0
0
0
0
0
0
0
0
0
0
0
0
0
0
0
0
0
0
0
0
0
0
0
0
0
0
0
0
0
0
0
0
0
0
0
0
0
0
0
0
0
0
0
0
0
0
0
0
0
0
0
0
0
0
0
0
0
0
0
0
0
0
0
0
0
0
0
0
0
0
0
0
0
0
0
0
0
1
1
1
1
1
1
1
1
1
1
1
1
1
1
1
1
1
1
1
1
1
1
1
1
1
1
1
1
1
1
1
1
1
1
1
1
6
6
6
6
6
6
6
6
6
6
6
6
6
6
6
6
6
6
6
6
6
6
6
6
6
6
6
6
6
6
6
6
6
6
6
8
8
8
8
8
8
8
8
8
8
8
15
15
15
15
15
15
22
22
22
22
22
22
22
22
22
22
22
22
22
22
22
22
39
39
39
39
39
39
39
39
40
40
60
60
60
60
60
60
68
68
68
68
68
68
68
68
77
77
77
77
77
77
77
82
82
82
129
129
129
129
129
129
129
130
130
130
130
130
130
130
130
130
131
131
131
131
131
131
131
131
131
131
131
131
131
131
131
131
131
131
131
131
131
131
131
131
131
131
131
131
131
131
131
131
132
132
132
132
132
132
132
132
132
132
141
141
141
141
141
141
150
150
150
150
150
150
150
150
150
150
150
150
150
150
150
150
150
150
152
152
157
157
157
157
157
157
157
157
157
157
164
164
164
164
164
164
164
164
173
273
275
275
275
275
282
288
288
292
292
299
299
307
307
307
307
307
307
307
307
308
308
308
308
308
308
308
314
314
314
315
315
315
315
316
316
316
316
316
316
316
316
316
316
321
321
322
322
322
322
329
334
334
336
338
338
338
338
338
338
338
344
344
344
344
344
345
345
345
345
345
346
346
349
366
372
377
377
377
377
377
382
382
389
389
390
391
393
403
408
408
408
408
408
408
408
408
409
409
409
409
409
418
418
424
424
439
439
448
448
448
468
468
474
475
475
484
691
691
691
700
707
717
727
728
728
730
730
739
765
803
803
810
810
810
812
817
839
839
839
839
839
848
857
857
893
893
893
893
902
903
912
912
917
917
917
921
921
921
929
976
994
994
994
999
999
1422
1422
1422
1448
1448
1448
1448
1448
1448
1448
1448
1448
1449
1475
1481
1488
1488
1491
1536
1636
1636
1636
1636
1636
1637
1637
1653
1671
1671
1679
1703
1703
1712
1732
1732
1738
1746
1757
1757
1757
1757
1798
1805
1805
1805
1805
1822
1822
1845
1845
1852
1872
1872
1872
1883
1890
1890
1974
1982
2006
2024
2024
2024
2028
2033
2033
2039
2213
2213
2222
2227
2227
2227
2231
2231
2258
2304
2304
2304
2304
2306
2323
2324
2324
2328
2328
2335
2341
2349
2357
2381
2385
2385
2413
2413
2419
2420
2437
2444
2468
2491
2492
2502
2502
2502
2502
2502
2504
2504
2530
2530
3382
3382
3383
3383
3400
3421
3421
3421
3440
5152
5162
5163
5169
5169
5169
5258
5359
5359
5403
5409
5431
5437
5446
5446
5451
5504
5505
5510
5526
5526
5526
5526
5533
5535
5552
5605
5628
5628
5628
5628
5628
5628
5685
5693
5702
5702
5708
5714
5731
5739
5739
5743
5743
5767
5769
5778
5787
5792
5792
5792
5836
5876
5939
5939
5996
5996
5996
5996
5996
6020
6024
6024
6030
6030
6050
6091
6112
6134
6154
6160
6207
6228
6229
6252
6374
6426
6443
6446
6485
6485
6504
6521
6543
6586
6586
6597
6605
6692
6701
6763
6763
6786
6786
6827
6827
6844
6849
6872
6877
6877
6877
6877
6877
6887
6905
6905
6905
6923
6941
6941
6992
6992
6992
6998
6998
6998
6998
7047
7047
7089
7089
7114
7115
7117
7117
7141
7147
7149
7204
7207
7294
7311
7312
7320
7373
7376
7380
7380
7401
7401
7401
7426
7506
7506
7523
7525
7525
7574
7611
7619
7619
7619
7669
7669
7718
7737
7746
7747
7747
7762
7788
7788
7848
7959
8050
8050
8056
8056
8056
8060
8120
8134
8154
8154
8155
8163
8203
8203
8203
8206
8226
8277
8280
8288
8289
8317
8333
8333
8336
8364
8387
8387
8404
8537
8715
8715
8715
8796
8805
8805
8806
8907
8907
8915
8938
8938
8991
9039
9056
9074
9090
9129
9336
9336
9337
9343
9352
9359
9375
9426
9533
9539
9547
9557
9559
9559
9564
9599
9605
9700
9700
9754
9754
9762
9768
9768
9787
9832
9838
9847
9861
9861
9882
9883
9927
9936
9954
10043
10052
10052
10054
10076
10076
10186
10416
10437
10439
10440
10463
10480
10603
10622
10667
10704
10709
10726
10830
10885
10886
10886
10924
11131
11170
11177
11239
11323
11323
11323
11347
11456
11462
11462
11588
11590
11595
11601
11602
11708
11727
11742
11742
11766
11771
11773
11800
11806
11845
11845
11900
11996
12004
12117
12142
12161
12179
12347
12350
12392
12478
12478
12478
12496
12496
12498
12502
12729
12752
12762
12771
12776
12776
12777
12792
12792
12794
12795
12814
12830
12890
13312
13339
13340
13342
13402
13425
13427
13470
13476
13736
13741
13780
13898
13949
13950
13969
14025
14244
14267
14268
14316
14659
14660
14662
14673
14674
14726
14935
14935
14940
14945
15054
15159
15166
15173
15181
15186
15233
15233
15261
15316
15360
15384
15403
15403
15405
15405
15408
15424
15429
15429
15486
15486
15492
15715
15756
15764
16014
16285
16472
16477
16477
16578
16597
16614
16799
16916
17368
17395
17404
17849
17899
17910
17910
17911
17950
17986
18027
18048
18509
18511
18565
18565
18611
18611
18691
18710
18788
18788
18831
18886
18906
18907
18970
18971
18973
19216
19309
19351
19464
19486
19486
19511
19932
19939
19984
19995
20012
20197
20239
20247
20248
20365
20410
20590
20636
20724
20727
20735
20959
20986
21100
21100
21119
21120
21235
21245
21246
21275
21275
21328
21336
21502
21546
