1.44
2.16
2.88
3.5999999999999996
5.76
7.92
8.64
10.08
12.24
13.68
15.84
18.0
19.44
21.6
23.040000000000003
23.76
24.48
26.64
28.080000000000002
29.520000000000003
30.240000000000002
31.680000000000003
33.120000000000005
34.56
35.28
36.0
36.72
37.44
39.599999999999994
41.03999999999999
41.75999999999999
43.19999999999999
43.91999999999999
46.079999999999984
46.79999999999998
48.95999999999998
49.67999999999998
50.39999999999998
52.559999999999974
53.99999999999997
55.43999999999997
56.15999999999997
57.599999999999966
59.039999999999964
61.19999999999996
61.91999999999996
64.07999999999996
65.74999999999996
67.90999999999995
68.62999999999995
69.34999999999995
70.78999999999995
72.22999999999995
72.94999999999995
73.66999999999994
75.82999999999994
76.54999999999994
77.26999999999994
79.42999999999994
81.58999999999993
83.02999999999993
84.46999999999993
86.62999999999992
87.34999999999992
89.50999999999992
91.66999999999992
93.10999999999991
93.82999999999991
94.54999999999991
95.98999999999991
96.70999999999991
98.1499999999999
98.8699999999999
100.3099999999999
101.7499999999999
102.4699999999999
104.6299999999999
106.5299999999999
107.9699999999999
110.1299999999999
112.28999999999989
113.72999999999989
115.6299999999999
116.3499999999999
116.7799999999999
118.2199999999999
119.6599999999999
121.8199999999999
122.53999999999989
123.25999999999989
123.97999999999989
125.41999999999989
126.13999999999989
128.2999999999999
129.7399999999999
131.6399999999999
133.3099999999999
135.46999999999989
136.6499999999999
137.3699999999999
138.0899999999999
139.5299999999999
141.68999999999988
142.40999999999988
144.56999999999988
146.00999999999988
147.44999999999987
148.88999999999987
149.60999999999987
150.32999999999987
151.76999999999987
152.48999999999987
154.64999999999986
156.08999999999986
158.24999999999986
159.68999999999986
160.40999999999985
161.12999999999985
161.84999999999985
162.56999999999985
164.00999999999985
166.16999999999985
166.88999999999984
167.60999999999984
168.32999999999984
169.70999999999984
171.14999999999984
173.30999999999983
174.74999999999983
175.46999999999983
176.90999999999983
177.62999999999982
179.78999999999982
181.94999999999982
182.66999999999982
183.38999999999982
185.5499999999998
186.2699999999998
188.4299999999998
189.8699999999998
191.3099999999998
192.7499999999998
194.4199999999998
195.1399999999998
195.8599999999998
198.01999999999978
199.68999999999977
200.40999999999977
202.56999999999977
204.00999999999976
205.18999999999977
205.90999999999977
207.34999999999977
208.78999999999976
210.94999999999976
211.66999999999976
212.38999999999976
213.82999999999976
214.28999999999976
216.44999999999976
217.16999999999976
217.88999999999976
218.31999999999974
219.03999999999974
219.75999999999974
221.65999999999974
223.81999999999974
224.53999999999974
226.43999999999974
227.15999999999974
228.59999999999974
230.03999999999974
231.47999999999973
232.91999999999973
233.63999999999973
235.30999999999972
236.02999999999972
238.1899999999997
239.6299999999997
241.0699999999997
241.7899999999997
243.2299999999997
243.9499999999997
244.89999999999972
246.33999999999972
247.77999999999972
248.49999999999972
249.44999999999973
251.11999999999972
252.55999999999972
254.71999999999971
256.15999999999974
258.31999999999977
260.4799999999998
261.9199999999998
262.6399999999998
264.79999999999984
266.17999999999984
266.60999999999984
268.04999999999984
268.76999999999987
269.9499999999999
270.6699999999999
272.1099999999999
272.8299999999999
274.2699999999999
275.7099999999999
276.6599999999999
278.81999999999994
279.53999999999996
280.91999999999996
282.35999999999996
283.08
283.8
284.26
285.7
287.86
289.3
290.74
291.23
292.41
294.57000000000005
296.01000000000005
297.45000000000005
298.89000000000004
299.61000000000007
301.05000000000007
302.49000000000007
303.93000000000006
305.6000000000001
306.7800000000001
308.2200000000001
309.6000000000001
310.0300000000001
311.4700000000001
312.1900000000001
313.6300000000001
315.5300000000001
316.2500000000001
316.7100000000001
317.4300000000001
318.6100000000001
320.77000000000015
322.21000000000015
322.21000000000015
324.1100000000001
324.83000000000015
326.21000000000015
326.9300000000002
327.6500000000002
327.6500000000002
329.5500000000002
329.9800000000002
331.88000000000017
333.5500000000002
334.9900000000002
336.4300000000002
337.1500000000002
338.8200000000002
340.2600000000002
342.42000000000024
343.14000000000027
343.60000000000025
345.04000000000025
347.2000000000003
349.3600000000003
349.3600000000003
351.5200000000003
352.24000000000035
353.68000000000035
354.63000000000034
356.79000000000036
357.5100000000004
358.9500000000004
359.8700000000004
360.59000000000043
360.59000000000043
362.0300000000004
363.4700000000004
365.3700000000004
366.8100000000004
368.2500000000004
368.2500000000004
368.9700000000004
370.15000000000043
371.82000000000045
372.5400000000005
374.2100000000005
374.9300000000005
376.3100000000005
376.3100000000005
378.47000000000054
379.19000000000057
380.63000000000056
381.3500000000006
383.0200000000006
384.4600000000006
384.4600000000006
384.9200000000006
386.3600000000006
386.3600000000006
387.8000000000006
388.5200000000006
389.7000000000006
391.86000000000064
393.30000000000064
394.74000000000063
395.17000000000064
395.6300000000006
397.0700000000006
397.79000000000065
398.5100000000007
399.0000000000007
400.1800000000007
400.9000000000007
401.62000000000074
402.54000000000076
403.92000000000075
405.59000000000077
406.3100000000008
407.0300000000008
408.4700000000008
410.63000000000085
412.7900000000009
413.5100000000009
415.1800000000009
416.85000000000093
417.57000000000096
418.290000000001
419.010000000001
419.470000000001
421.630000000001
423.070000000001
425.23000000000104
427.130000000001
427.620000000001
428.080000000001
428.510000000001
428.970000000001
430.150000000001
431.820000000001
433.260000000001
434.700000000001
435.880000000001
437.320000000001
438.700000000001
440.140000000001
441.520000000001
441.950000000001
442.410000000001
444.080000000001
445.980000000001
446.44000000000096
447.62000000000097
449.780000000001
450.730000000001
452.63000000000096
454.07000000000096
453.15000000000094
455.0500000000009
455.77000000000095
457.21000000000095
457.930000000001
459.37000000000097
459.37000000000097
460.090000000001
462.250000000001
464.150000000001
464.870000000001
466.310000000001
467.49000000000103
468.67000000000104
470.05000000000103
472.21000000000106
473.8800000000011
475.3200000000011
476.76000000000107
478.20000000000107
479.1200000000011
480.5600000000011
482.46000000000106
483.1800000000011
483.6100000000011
485.51000000000107
486.4300000000011
486.9200000000011
487.3500000000011
488.07000000000113
489.4500000000011
490.17000000000115
491.61000000000115
492.10000000000116
493.54000000000116
494.2600000000012
494.2600000000012
494.9800000000012
495.70000000000124
496.19000000000125
497.57000000000124
499.24000000000126
501.4000000000013
502.1200000000013
502.1200000000013
502.1200000000013
502.5500000000013
503.27000000000135
504.22000000000133
504.94000000000136
504.94000000000136
504.94000000000136
505.43000000000137
506.3500000000014
507.7300000000014
507.7300000000014
508.2200000000014
508.2200000000014
509.8900000000014
511.3300000000014
512.5100000000014
513.4300000000014
514.1500000000015
515.1000000000015
516.2800000000015
516.7100000000014
517.6300000000014
519.5300000000013
520.2500000000014
520.7100000000014
522.6100000000014
523.5600000000014
523.1300000000015
525.0300000000015
525.4900000000015
526.4100000000014
526.8400000000014
528.0200000000013
528.7400000000014
529.1700000000013
530.6100000000014
531.7900000000013
532.2200000000013
534.3800000000012
534.8700000000013
535.5900000000013
536.9700000000013
537.4300000000013
538.3500000000013
539.2700000000012
540.4500000000012
541.3700000000011
542.0900000000012
542.8100000000012
544.7100000000012
544.7100000000012
545.6300000000011
547.0700000000012
547.5000000000011
547.9300000000011
548.6500000000011
549.3700000000011
550.8100000000012
551.5300000000012
552.2500000000013
554.1500000000012
554.6400000000012
555.0700000000012
555.5300000000012
557.4300000000012
559.3300000000012
559.7600000000011
560.4800000000012
561.2000000000012
562.6400000000012
564.0200000000012
564.4500000000012
565.4000000000012
569.2300000000013
568.3100000000013
568.7400000000013
569.1700000000012
569.8900000000012
571.3300000000013
572.5100000000012
573.4600000000013
574.3800000000012
575.7600000000012
575.7600000000012
576.2500000000013
577.1700000000012
578.0900000000012
578.5200000000011
578.5200000000011
579.0100000000011
580.3900000000011
580.8200000000011
582.000000000001
582.490000000001
583.2100000000011
583.9300000000011
585.3700000000011
585.8000000000011
586.7500000000011
588.1900000000012
588.9100000000012
589.3700000000013
589.3700000000013
590.2900000000012
590.7200000000012
592.3900000000011
591.9600000000012
592.9100000000012
592.9100000000012
594.3500000000013
596.2500000000013
596.2500000000013
596.7400000000013
597.1700000000012
597.6000000000012
598.0600000000012
597.6300000000012
597.6300000000012
598.5500000000012
600.2200000000012
599.3000000000012
598.8100000000012
598.3800000000012
598.3800000000012
598.8100000000012
600.7100000000012
601.1400000000011
602.5800000000012
602.5800000000012
602.5800000000012
603.5000000000011
603.9600000000012
603.9600000000012
604.6800000000012
605.4000000000012
606.1200000000013
607.0400000000012
607.0400000000012
607.7600000000012
608.4800000000013
609.2000000000013
609.6900000000013
609.2600000000014
609.2600000000014
610.6400000000014
611.0700000000013
611.5600000000013
612.0500000000013
613.4300000000013
613.4300000000013
614.3500000000013
614.3500000000013
614.8400000000013
615.3300000000013
616.7700000000013
617.4900000000014
617.9200000000013
618.6400000000014
619.3600000000014
619.3600000000014
619.3600000000014
619.3600000000014
621.0300000000013
621.7500000000014
621.7500000000014
623.6500000000013
623.6500000000013
625.8100000000013
626.2400000000013
626.2400000000013
626.7300000000013
627.1900000000013
628.5700000000013
629.2900000000013
630.2400000000014
631.6200000000014
632.8000000000013
634.7000000000013
635.6200000000013
636.0500000000012
635.5600000000012
634.6400000000012
635.8200000000012
637.0000000000011
637.0000000000011
637.0000000000011
638.4400000000012
640.3400000000012
642.0100000000011
642.5000000000011
643.4200000000011
644.8600000000012
644.4300000000012
644.4300000000012
645.3500000000012
645.3500000000012
645.3500000000012
646.3000000000012
645.8700000000013
645.4400000000013
646.1600000000013
646.1600000000013
646.1600000000013
646.1600000000013
646.8800000000014
647.3400000000014
648.2600000000014
647.8300000000014
647.4000000000015
648.8400000000015
650.2800000000016
651.6600000000016
651.2300000000016
651.9500000000016
651.9500000000016
652.6700000000017
652.6700000000017
652.6700000000017
653.6200000000017
654.8000000000017
654.8000000000017
654.8000000000017
656.7000000000016
656.7000000000016
656.7000000000016
656.7000000000016
657.1900000000016
657.6800000000017
658.8600000000016
659.7800000000016
660.7000000000015
661.1300000000015
661.1300000000015
661.1300000000015
662.5100000000015
662.5100000000015
662.9400000000014
663.4000000000015
664.5800000000014
665.5000000000014
665.9600000000014
665.9600000000014
665.9600000000014
666.6800000000014
667.6000000000014
668.5500000000014
672.3800000000015
673.3000000000014
674.2200000000014
675.6000000000014
676.0300000000013
676.7500000000014
676.7500000000014
677.1800000000013
677.1800000000013
676.7500000000014
677.1800000000013
678.1000000000013
679.0200000000012
679.0200000000012
679.7400000000013
679.2500000000013
680.1700000000012
680.6000000000012
680.6000000000012
680.6000000000012
681.5200000000011
681.9500000000011
681.9500000000011
684.110000000001
684.540000000001
685.000000000001
685.720000000001
686.150000000001
687.590000000001
687.590000000001
688.3100000000011
688.3100000000011
689.2600000000011
690.1800000000011
691.1300000000011
690.7000000000012
690.7000000000012
692.1400000000012
693.5800000000013
693.5800000000013
693.5800000000013
693.5800000000013
694.5000000000013
694.9900000000013
695.9400000000013
696.6600000000013
697.0900000000013
697.0900000000013
697.8100000000013
698.2400000000013
698.2400000000013
699.1600000000012
699.1600000000012
698.7300000000013
700.4000000000012
701.3200000000012
701.3200000000012
702.2400000000011
703.1600000000011
703.590000000001
704.3100000000011
704.8000000000011
706.9600000000011
706.9600000000011
707.390000000001
707.820000000001
707.820000000001
707.820000000001
709.9800000000009
710.700000000001
711.190000000001
711.680000000001
712.140000000001
712.140000000001
711.220000000001
711.220000000001
712.400000000001
712.400000000001
712.830000000001
712.830000000001
712.400000000001
714.300000000001
714.7300000000009
715.2200000000009
715.2200000000009
715.6500000000009
715.6500000000009
715.6500000000009
715.6500000000009
717.5500000000009
718.2700000000009
718.2700000000009
718.7000000000008
718.7000000000008
719.4200000000009
719.4200000000009
720.1400000000009
721.8100000000009
722.3000000000009
723.4800000000008
723.4800000000008
724.4000000000008
724.8600000000008
724.8600000000008
725.5800000000008
725.5800000000008
725.5800000000008
725.5800000000008
726.0100000000008
726.0100000000008
726.4400000000007
726.4400000000007
726.4400000000007
726.9300000000007
727.3600000000007
727.3600000000007
727.3600000000007
727.3600000000007
731.6200000000007
732.0500000000006
732.7700000000007
732.3400000000007
730.9600000000007
730.9600000000007
730.9600000000007
731.9100000000008
731.9100000000008
731.9100000000008
730.9900000000008
728.8900000000008
728.8900000000008
729.3500000000008
729.3500000000008
730.7900000000009
729.8700000000009
731.7700000000009
731.7700000000009
731.7700000000009
732.2000000000008
732.2000000000008
733.1200000000008
734.5000000000008
735.2200000000008
735.6800000000009
735.6800000000009
734.7300000000008
735.6800000000009
737.8400000000008
737.8400000000008
737.8400000000008
738.3300000000008
738.3300000000008
739.2800000000009
740.7200000000009
740.7200000000009
742.3900000000009
743.5700000000008
744.0000000000008
744.0000000000008
746.1600000000008
746.5900000000007
747.5400000000008
747.5400000000008
751.8000000000008
752.2300000000007
752.7200000000007
752.7200000000007
752.2900000000008
752.7200000000007
752.7200000000007
756.9800000000007
756.9800000000007
756.9800000000007
757.9000000000007
757.9000000000007
757.9000000000007
762.1600000000007
763.0800000000006
764.0000000000006
764.0000000000006
765.6700000000005
766.3900000000006
766.3900000000006
765.9600000000006
767.6300000000006
767.6300000000006
768.0600000000005
768.5500000000005
768.5500000000005
769.9300000000005
770.3600000000005
770.8500000000005
772.5200000000004
772.5200000000004
773.4700000000005
773.4700000000005
773.0400000000005
773.0400000000005
773.4700000000005
774.4200000000005
773.9900000000006
773.9900000000006
774.4200000000005
774.4200000000005
774.4200000000005
773.9900000000006
774.4800000000006
774.4800000000006
775.4000000000005
776.8400000000006
777.2700000000006
777.2700000000006
777.2700000000006
777.2700000000006
777.9900000000006
778.7100000000006
777.7900000000006
777.3600000000007
778.3100000000007
778.7700000000008
782.1100000000008
783.0300000000008
782.6000000000008
786.4300000000009
786.4300000000009
786.8600000000008
786.8600000000008
786.8600000000008
787.5800000000008
788.3000000000009
788.3000000000009
788.7300000000008
789.4500000000008
788.5300000000009
788.5300000000009
789.4500000000008
791.1200000000008
791.5800000000008
791.5800000000008
790.6600000000009
791.1200000000009
794.460000000001
794.460000000001
796.1300000000009
795.700000000001
795.700000000001
796.190000000001
796.190000000001
796.190000000001
796.6200000000009
796.6200000000009
796.6200000000009
796.6200000000009
796.6200000000009
797.0500000000009
797.9700000000008
798.4000000000008
798.4000000000008
797.9700000000008
797.5400000000009
797.5400000000009
797.5400000000009
797.9700000000008
797.9700000000008
797.9700000000008
798.4000000000008
799.7800000000008
800.2100000000007
800.6400000000007
801.0700000000006
801.0700000000006
801.5600000000006
801.5600000000006
802.0200000000007
801.1000000000007
801.1000000000007
801.5300000000007
802.4500000000006
802.4500000000006
801.9600000000006
801.0400000000006
801.0400000000006
802.7100000000006
803.6300000000006
804.0600000000005
804.4900000000005
804.4900000000005
804.4900000000005
804.4900000000005
804.4900000000005
804.9800000000005
805.4100000000004
805.4100000000004
806.7900000000004
806.7900000000004
806.7900000000004
806.7900000000004
807.2200000000004
811.4800000000004
811.4800000000004
811.4800000000004
811.4800000000004
811.4800000000004
810.5600000000004
810.5600000000004
811.4800000000004
811.9100000000003
811.9100000000003
811.9100000000003
816.1700000000003
816.6600000000003
817.5800000000003
817.5800000000003
818.9600000000003
818.5300000000003
818.5300000000003
818.5300000000003
819.2500000000003
819.7100000000004
819.7100000000004
819.7100000000004
819.7100000000004
820.1700000000004
820.1700000000004
820.6000000000004
821.0900000000004
821.0900000000004
822.0100000000003
822.0100000000003
821.5800000000004
822.0100000000003
823.1900000000003
823.1900000000003
823.6800000000003
824.1100000000002
824.1100000000002
824.1100000000002
824.5400000000002
825.7200000000001
824.8000000000002
825.2300000000001
825.2300000000001
825.2300000000001
825.2300000000001
825.2300000000001
824.2800000000001
824.2800000000001
828.5400000000001
828.5400000000001
828.97
829.46
830.38
830.81
831.53
832.25
832.68
832.68
833.17
833.17
833.17
833.17
835.0699999999999
835.4999999999999
835.4999999999999
836.4199999999998
840.6799999999998
844.9399999999998
844.9399999999998
844.5099999999999
844.5099999999999
844.5099999999999
844.5099999999999
845.4299999999998
849.6899999999998
849.6899999999998
849.6899999999998
853.9499999999998
853.9499999999998
854.3799999999998
854.3799999999998
854.3799999999998
855.7599999999998
855.7599999999998
855.7599999999998
856.1899999999997
856.6199999999997
856.6199999999997
856.6199999999997
856.6199999999997
860.8799999999997
860.8799999999997
860.8799999999997
865.1399999999996
869.3999999999996
869.3999999999996
869.8299999999996
869.8299999999996
869.8299999999996
870.3199999999996
871.2399999999996
871.2399999999996
871.6699999999995
871.6699999999995
871.2399999999996
870.2899999999995
870.2899999999995
870.7799999999995
870.7799999999995
871.6999999999995
871.6999999999995
871.6999999999995
871.6999999999995
871.2699999999995
871.2699999999995
872.9399999999995
873.3699999999994
875.2699999999994
877.1699999999994
876.7399999999994
877.1699999999994
877.8899999999994
877.8899999999994
878.8399999999995
878.8399999999995
878.8399999999995
878.8399999999995
878.8399999999995
878.8399999999995
878.8399999999995
879.2699999999994
879.2699999999994
879.7599999999994
879.7599999999994
879.7599999999994
880.7099999999995
880.7099999999995
880.7099999999995
880.7099999999995
880.7099999999995
880.7099999999995
880.7099999999995
881.1399999999994
881.1399999999994
881.8599999999994
882.7799999999994
882.7799999999994
882.7799999999994
883.2099999999994
883.2099999999994
883.2099999999994
887.4699999999993
887.4699999999993
888.4199999999994
887.9899999999994
888.4499999999995
888.4499999999995
888.8799999999994
888.8799999999994
889.7999999999994
889.7999999999994
889.7999999999994
889.7999999999994
894.0599999999994
894.0599999999994
894.4899999999993
894.9199999999993
894.9199999999993
894.9199999999993
895.3499999999992
895.3499999999992
896.2699999999992
897.1899999999991
897.6199999999991
897.6199999999991
897.6199999999991
897.6199999999991
897.1899999999991
897.1899999999991
897.1899999999991
897.1899999999991
897.1899999999991
901.4499999999991
901.4499999999991
901.4499999999991
901.0199999999992
901.0199999999992
901.4499999999991
905.7099999999991
905.7099999999991
905.7099999999991
905.7099999999991
905.7099999999991
906.8899999999991
906.8899999999991
911.1499999999991
912.069999999999
912.069999999999
912.499999999999
912.499999999999
912.989999999999
912.989999999999
912.989999999999
913.4199999999989
913.8499999999989
