2610.94
2616.41
2621.88
2627.35
2643.76
2660.17
2665.64
2676.58
2692.99
2703.93
2941.34
2957.75
2968.69
2985.1
2996.04
3001.51
3006.98
3244.39
3255.33
3266.27
3271.74
3282.68
3293.62
3304.56
3310.03
3315.5
3320.97
3326.44
3342.85
3574.79
3580.26
3591.2
3596.67
3613.08
3618.55
3634.96
3640.43
3645.9
3883.31
3894.25
3905.19
3910.66
3921.6
3932.54
3948.95
3954.42
3970.83
4227.7
4244.11
4249.58
4255.05
4265.99
4276.929999999999
4282.4
4287.87
4525.28
4530.75
4536.219999999999
4552.63
4569.04
4579.98
4590.92
4607.33
4612.8
4629.21
4866.62
4877.5599999999995
4883.03
4888.5
4899.44
4904.91
4915.849999999999
4921.32
4932.259999999999
5164.2
5169.67
5186.08
5214.579999999999
5225.5199999999995
5241.929999999999
5258.339999999999
5490.279999999999
5518.78
5524.249999999999
5761.3550000000005
5772.295000000001
5783.235000000001
5799.645
5805.115000000001
5810.585000000001
5816.055
6268.995
6274.465
6290.875
6301.815
6330.315
6366.1849999999995
6603.595
6626.625
6632.095
6637.5650000000005
6648.505
6664.915
6670.385
6686.795
6918.735000000001
6929.675
6940.615
7167.085
7172.555
7183.495
7188.965
7205.375
7216.3150000000005
7232.725
7243.665
7249.135
7254.6050000000005
7260.075
7265.545
7497.485000000001
7513.895
7519.365
7524.835
7530.305
7572.0599999999995
7582.999999999999
7599.409999999999
7831.35
7836.820000000001
7847.76
7853.2300000000005
7869.64
7886.05
7891.52
7896.99
7913.400000000001
7918.87
7935.28
8167.22
8178.16
8189.1
8224.970000000001
8230.44
8235.910000000002
8252.320000000002
8730.19
8735.66
8752.07
8763.01
8786.040000000003
8791.510000000002
8802.450000000003
9034.390000000001
9050.800000000001
9056.270000000002
9061.740000000002
9072.680000000002
9090.24
9106.65
9112.12
9117.59
8906.52
8911.99
8917.460000000001
9166.960000000001
9404.37
9409.84
9438.340000000002
9443.810000000001
9454.750000000002
9465.69
9476.630000000001
9487.570000000002
9493.04
9749.910000000002
9755.380000000001
9771.790000000003
9782.730000000001
9793.670000000002
9799.140000000001
9810.080000000002
9815.550000000001
10287.949999999999
10298.89
10530.829999999998
10536.3
10559.1
10594.97
10605.91
10622.32
10633.26
10870.67
10887.08
10898.02
10903.49
10919.9
10954.055
10970.160000000002
11202.1
11207.570000000002
11451.6
11457.07
11468.01
11473.48
11484.42
11495.359999999999
11746.76
11763.17
11768.64
12023.795
12034.735
12040.205
12045.675
12057.060000000001
12068.000000000002
12084.410000000002
12095.35
12106.29
12119.130000000001
12363.16
12600.57
12611.51
12622.45
12633.39
12638.86
12649.8
12660.74
12671.68
12928.550000000001
12951.580000000002
12962.52
13009.025000000001
13025.130000000001
13036.07
13041.54
13273.48
13301.980000000001
13528.45
13539.835000000001
13545.305
13568.335000000001
13584.745
13595.685000000001
13595.685000000001
13624.185000000001
13629.655
13903.335000000003
13908.805000000002
13914.275000000001
13934.7
13963.2
13979.305000000002
14228.805000000002
14264.675000000003
14275.615000000002
14507.555000000002
14513.025000000001
14548.895000000002
14559.835000000003
14576.245000000003
14581.715000000002
14599.275000000001
14610.215000000002
14847.625000000002
14864.035000000002
14862.61
14879.02
14884.49
14895.43
14905.880000000001
14922.29
14927.76
14938.7
15415.820000000002
15421.29
15421.29
15432.230000000001
15443.170000000002
15471.670000000002
15482.61
15493.550000000001
15498.300000000001
15503.770000000002
15747.800000000001
15783.670000000002
15789.140000000003
15825.010000000002
16051.480000000001
16091.810000000003
16096.560000000003
16112.970000000003
16118.440000000002
16350.380000000003
16355.850000000002
16391.72
16402.66
16415.010000000002
16426.395000000004
16437.335000000003
16437.335000000003
16448.275
16453.745000000003
16697.775
16714.185
16725.125
16736.065000000002
16752.170000000002
16757.38
16768.320000000003
16773.79
16779.260000000002
16792.100000000002
17036.130000000005
17041.600000000006
17047.070000000003
17284.665
17324.995000000003
17360.865
17366.335000000003
17371.805000000004
17382.745000000003
17620.155000000002
17636.565000000002
17642.035000000003
17677.905
17713.775
17979.245
17984.715
17990.185
17995.395
18011.805
18022.745
18260.155
18288.655000000002
18301.495000000003
18301.955
18534.310000000005
18551.870000000003
18574.9
18831.770000000004
18842.710000000006
18853.650000000005
18876.680000000004
18887.620000000003
18934.125000000004
19166.065000000002
19421.22
19437.325
19454.885000000002
19490.755000000005
19734.08
19966.465000000004
19989.495000000003
20005.905000000002
20028.704999999998
20057.205
20068.145
20065.800000000003
20315.3
20320.77
20331.71
20337.18
20348.120000000003
20352.870000000003
20358.34
20374.75
20618.075000000004
20623.545000000006
20634.485000000004
20878.515000000003
20901.545000000006
20941.875
20958.285000000003
21215.155
21226.094999999998
21237.035
21247.975
21283.095000000005
21294.035000000003
21543.535000000003
21549.005
21565.11
21593.61
21622.555
21635.395
21646.75
21652.219999999998
21907.375
21912.845
21923.785
21936.625000000004
21947.565000000002
21953.035000000003
21968.710000000003
21974.18
21979.65
21992.49
22255.244999999995
22291.114999999998
22307.524999999998
22312.995
22312.995
22312.995
22329.1
22334.569999999996
22364.969999999998
22591.44
22618.039999999997
22633.715
22646.554999999997
22890.324999999993
22943.004999999997
22943.004999999997
22955.844999999998
22955.844999999998
22991.715
23002.655
23246.684999999998
23263.279999999995
23268.749999999996
23299.149999999998
23322.18
23332.109999999997
23356.304999999997
23599.629999999997
23605.099999999995
23622.659999999996
23651.159999999993
23888.784999999993
23888.354999999992
23916.854999999996
24155.414999999997
24172.009999999995
24409.114999999994
24432.144999999997
24437.614999999998
24441.37
24452.309999999998
24475.339999999997
24497.619999999995
24735.029999999995
24747.869999999995
24753.339999999993
24793.669999999995
24811.229999999996
24827.824999999997
25076.344999999994
25099.374999999993
25115.969999999998
25121.439999999995
25126.909999999996
25376.409999999996
25376.409999999996
25403.929999999993
25414.86999999999
25430.974999999988
25447.079999999987
25452.54999999999
25458.01999999999
25468.95999999999
25474.42999999999
25479.899999999987
25723.22499999999
25733.21499999999
25749.31999999999
25760.704999999994
25789.20499999999
25817.704999999994
25833.80999999999
25839.279999999988
25844.74999999999
26076.689999999988
26123.19499999999
26360.299999999985
26390.699999999986
26394.529999999984
26392.184999999983
26389.764999999985
26399.694999999985
26405.164999999986
26416.104999999985
26439.134999999984
26469.534999999985
26713.304999999986
27197.059999999983
27197.059999999983
27209.899999999983
27243.594999999983
27272.539999999983
27276.294999999984
27281.044999999984
27298.634999999984
27559.964999999986
27569.894999999986
27592.92499999999
27605.76499999999
27611.23499999999
27837.704999999987
27848.64499999999
27852.399999999987
27882.79999999999
27893.73999999999
27899.20999999999
27910.59499999999
27910.59499999999
27939.539999999986
27965.14499999999
28222.014999999985
28221.58499999999
28238.209999999985
28242.959999999985
28253.899999999987
28282.399999999987
28282.399999999987
28516.239999999987
28530.91999999999
28547.02499999999
28552.23499999999
28551.80499999999
28551.80499999999
28574.574999999993
28831.44499999999
28829.09999999999
28844.28499999999
28854.779999999988
28859.529999999988
28875.63499999999
28904.13499999999
29362.23999999999
29373.179999999993
29377.929999999993
29382.679999999993
29405.449999999993
29423.009999999995
29438.684999999994
29444.15499999999
29449.624999999993
29450.344999999994
29466.93999999999
29471.68999999999
29477.159999999993
29703.62999999999
29709.09999999999
29721.93999999999
29726.259999999995
29731.009999999995
29998.514999999992
30002.26999999999
30015.10999999999
30027.949999999993
30068.279999999988
30073.029999999988
30322.97499999999
30327.72499999999
30340.564999999988
30358.154999999988
30369.094999999987
30374.564999999988
30384.49499999999
30389.964999999993
30395.43499999999
30415.85999999999
30415.85999999999
30426.78499999999
30683.65499999999
30689.12499999999
30693.87499999999
30722.374999999993
30722.374999999993
30959.78499999999
30975.889999999992
30986.81499999999
30999.654999999988
31004.86499999999
31032.84499999999
31038.31499999999
31061.11499999999
31328.61999999999
31351.64999999999
31380.149999999987
31630.094999999994
31646.199999999993
31650.459999999992
31648.11499999999
31892.14499999999
31893.32499999999
31887.14999999999
31887.14999999999
31898.089999999993
31926.589999999993
31962.459999999995
32196.299999999992
32229.994999999995
32240.934999999994
32240.50499999999
32251.42999999999
32274.199999999993
32274.199999999993
32274.199999999993
32290.824999999993
32290.394999999993
32526.639999999996
32532.109999999993
32540.18499999999
32544.93499999999
32571.53499999999
32577.00499999999
32588.38999999999
32617.334999999992
32616.90499999999
32619.799999999992
32851.73999999999
32862.67999999999
33351.18499999999
33350.75499999999
33356.22499999999
33367.14999999999
33372.61999999999
33388.294999999984
33403.96999999999
33420.59499999999
33664.624999999985
33669.374999999985
33674.124999999985
33702.62499999999
33718.299999999996
33723.049999999996
33727.799999999996
33737.78999999999
33750.62999999998
33994.65999999999
34005.07999999999
34032.59999999999
34054.87999999999
33832.454999999994
34058.204999999994
34092.35999999999
34101.85999999999
34105.61499999999
34344.174999999996
34367.20499999999
34389.97499999999
34628.53499999999
34633.28499999999
34638.03499999999
34643.50499999999
34660.099999999984
34676.72499999999
34680.55499999999
34708.075
34737.01999999999
34979.82499999999
34995.92999999999
35001.399999999994
34780.399999999994
34819.77999999999
34824.52999999999
34603.09999999999
34857.30499999999
34886.24999999999
34921.37
34926.12
34931.59
34935.85
34964.795
34987.07499999999
34991.82499999999
34996.57499999999
35240.345
35244.1
35242.674999999996
35259.08499999999
35483.84
35495.22499999999
35500.69499999999
35516.799999999996
35527.74
35532.49
35537.95999999999
35537.95999999999
35568.35999999999
35805.954999999994
36049.755000000005
36281.24999999999
36292.174999999996
36303.11499999999
36314.05499999999
36312.62999999999
36312.62999999999
36339.22999999999
36355.82499999999
36370.56499999999
36608.189999999995
36613.659999999996
36617.41499999999
36622.16499999999
36627.634999999995
36648.48999999999
36657.98999999999
36907.935
36918.86
36929.355
37186.225
37440.92
37440.92
37457.51499999999
37491.21
37512.064999999995
37517.53499999999
37530.37499999999
37767.78499999999
37772.53499999999
37793.38999999999
37809.49499999999
37809.49499999999
37820.41999999999
37836.829999999994
37842.299999999996
37855.13999999999
37867.97999999999
37885.539999999986
38111.289999999986
38108.94499999999
38141.719999999994
38164.74999999999
38407.599999999984
38632.35499999998
38637.10499999998
38636.67499999998
38665.17499999998
38675.10499999998
38687.94499999998
38692.69499999998
38702.62499999998
38713.54999999998
38718.29999999998
38723.04999999998
38972.54999999999
38978.01999999999
38971.84499999999
38975.59999999999
38980.34999999999
38985.819999999985
38990.569999999985
38996.039999999986
39031.90999999998
39044.749999999985
39288.779999999984
39293.529999999984
39322.47499999999
39333.859999999986
39333.859999999986
39339.32999999999
39339.32999999999
39344.07999999999
39348.82999999999
39579.75999999999
39579.75999999999
39625.31499999999
39634.81499999999
39639.56499999999
39649.554999999986
39653.30999999999
39658.05999999999
39673.734999999986
39904.234999999986
39908.49499999999
39918.42499999999
39923.89499999999
39934.38999999999
39925.40999999999
39930.15999999999
39930.15999999999
39991.95999999999
40007.634999999995
40012.384999999995
40010.039999999986
40006.514999999985
40005.08999999999
40016.474999999984
40253.14999999998
40264.08999999998
40261.74499999999
40511.24499999999
40544.01999999998
40548.76999999998
40564.87499999998
40569.62499999998
40586.21999999999
40847.549999999996
40853.02
40864.40499999999
40880.07999999999
40883.87999999999
41121.50499999998
41137.914999999986
41385.514999999985
41402.61499999999
41415.45499999999
41193.029999999984
41209.654999999984
41220.59499999999
41220.59499999999
41477.46499999998
41500.49499999999
41510.42499999999
41510.42499999999
41526.83499999999
41774.86499999998
41805.264999999985
41805.264999999985
41809.52499999999
41825.62999999998
41838.46999999998
41843.21999999998
41842.78999999998
41852.71999999998
41857.46999999998
41861.72999999998
41877.404999999984
41900.679999999986
41924.87499999998
42172.474999999984
42177.224999999984
42181.484999999986
42431.42999999998
42460.37499999997
42465.12499999997
42721.994999999966
42727.46499999997
42732.21499999997
42741.28499999997
42777.15499999997
42775.729999999974
42798.00999999998
43031.849999999984
43036.599999999984
43070.754999999976
43116.30999999998
43129.14999999998
43386.01999999999
43390.76999999999
43414.99499999999
43425.919999999984
43417.889999999985
43422.639999999985
43420.21999999999
43665.44499999998
43665.014999999985
43669.764999999985
43673.51999999998
43673.51999999998
43899.26999999998
43909.76499999998
43922.60499999998
43938.279999999984
43967.22499999998
43978.16499999998
43988.09499999998
43992.84499999998
43997.59499999998
44002.34499999998
44007.81499999997
44008.534999999974
44227.18999999997
44225.33499999998
44235.784999999974
44468.16999999998
44471.50999999997
44500.45499999997
44498.59999999997
44502.42999999997
44502.42999999997
44739.53499999998
44744.28499999998
44759.95999999998
44765.42999999998
44766.14999999998
44781.82499999998
44797.929999999986
45024.39999999999
45022.05499999998
45037.72999999998
45281.49999999999
45317.36999999999
45328.75499999999
45355.35499999999
45353.00999999999
45358.21999999999
45361.55999999998
45598.234999999986
45634.10499999998
45632.249999999985
45632.249999999985
45645.08999999998
45656.01499999998
45666.93999999998
45676.86999999998
45681.61999999998
45912.11999999998
45916.86999999998
45916.86999999998
45926.79999999998
45949.56999999998
45988.949999999975
45993.699999999975
46004.19499999998
46003.76499999998
46229.51499999998
46234.26499999998
46279.819999999985
46279.819999999985
46295.49499999999
46311.59999999998
46579.10499999998
46589.03499999998
46611.31499999999
46853.169999999984
46868.84499999998
46881.684999999976
46886.434999999976
46903.99499999998
46912.574999999975
46922.074999999975
46944.354999999974
46960.949999999975
47192.87499999998
47203.30999999998
47194.78999999998
47199.53999999998
47235.409999999974
47485.354999999974
47501.459999999985
47523.73999999999
47550.33999999999
47555.08999999999
47559.83999999999
47564.58999999999
47577.42999999999
47593.53499999999
47599.709999999985
48088.21499999999
48110.06499999998
48114.81499999998
48114.81499999998
48130.91999999998
48135.17999999998
48146.104999999974
48150.854999999974
48161.77999999998
48177.45499999998
48175.10999999997
48179.85999999997
48423.62999999997
48458.25999999997
48458.25999999997
48458.25999999997
48462.51999999997
48475.35999999997
48731.47999999997
48736.22999999997
48997.55999999997
48997.12999999996
49001.87999999996
49012.80499999996
49018.27499999996
49029.65999999996
49034.40999999996
49039.15999999996
49043.90999999996
49055.29499999996
49060.04499999996
49076.14999999996
49099.91499999996
48883.66499999996
49127.43499999996
49132.18499999996
49142.679999999964
49163.53499999996
49186.56499999996
49186.56499999996
49196.55499999996
49433.65999999995
49438.40999999995
49443.15999999995
49680.264999999956
49703.294999999955
49700.94999999995
49966.079999999965
49966.079999999965
49966.079999999965
49977.00499999996
49987.929999999964
49991.72999999996
49996.47999999996
50000.73999999996
50005.48999999996
50021.594999999965
50034.43499999996
50057.20499999996
50288.134999999966
50293.60499999997
50294.32499999997
50298.079999999965
50302.829999999965
50326.594999999965
50325.16999999997
50317.56999999996
50322.31999999996
50350.81999999996
50354.57499999996
50365.49999999996
50615.44499999996
50619.704999999965
50623.96499999997
50871.564999999966
50871.134999999966
50882.05999999997
50882.05999999997
50886.80999999997
51124.40499999997
51128.66499999997
51133.41499999997
51127.239999999976
51131.49999999997
51136.24999999997
51169.45499999997
51174.20499999997
51178.95499999997
51220.70999999998
51225.45999999998
51225.45999999998
51241.56499999998
51472.49499999998
51477.24499999998
51481.99499999998
51486.74499999998
51491.004999999976
51491.004999999976
51495.754999999976
51500.01499999998
51504.27499999998
51502.84999999998
51518.95499999998
51518.95499999998
51523.70499999998
51536.54499999998
51570.239999999976
51574.989999999976
51818.269999999975
51818.269999999975
51816.41499999997
51820.214999999975
51824.964999999975
51842.55499999997
51847.30499999997
52084.89999999997
52089.64999999997
52094.39999999997
52088.22499999997
52081.619999999966
52093.969999999965
52129.83999999997
52139.76999999997
52168.26999999997
52170.16999999997
52169.739999999976
52406.84499999997
52412.31499999997
52412.31499999997
52657.53999999997
52662.28999999997
52667.03999999997
52671.78999999997
52687.46499999997
52692.21499999997
52703.13999999997
52713.06999999997
52717.81999999997
52730.659999999974
52730.659999999974
52967.33499999998
52977.784999999974
52970.184999999976
52974.934999999976
52979.684999999976
53211.609999999986
53227.28499999999
53232.03499999999
53246.71499999998
53246.71499999998
53252.18499999998
53281.12999999999
53281.12999999999
53281.12999999999
53312.90999999999
53317.65999999999
53543.40999999999
53547.66999999999
53547.66999999999
53791.46999999999
53791.039999999986
53796.249999999985
53579.999999999985
53589.929999999986
53589.929999999986
53606.524999999994
53611.274999999994
53616.024999999994
53620.774999999994
53625.03499999999
53629.78499999999
53633.539999999986
53637.294999999984
53642.044999999984
53646.794999999984
53662.89999999999
53888.64999999999
53911.41999999999
53935.61499999999
53946.969999999994
53946.969999999994
53946.969999999994
53946.969999999994
53941.78999999999
53941.78999999999
53941.78999999999
53941.78999999999
53941.78999999999
53946.04999999999
53946.04999999999
53946.04999999999
53947.04499999999
53947.04499999999
53958.39999999999
53962.65999999999
53962.65999999999
53962.65999999998
53962.65999999998
53962.65999999998
53963.83999999998
53957.66499999998
53961.92499999998
53969.019999999975
53969.019999999975
53974.19999999998
53968.02499999998
53968.51499999998
53968.51499999998
53962.339999999975
54196.11999999998
54201.29999999998
