2
3
4
5
8
11
12
14
17
19
22
25
27
30
32
33
34
37
39
41
42
44
46
48
49
50
51
52
55
57
58
60
61
64
65
68
69
70
73
75
77
78
80
82
85
86
89
95
98
99
100
102
104
105
106
109
110
111
114
117
119
121
124
125
128
131
133
134
135
137
138
140
141
143
145
146
149
154
156
159
162
164
169
170
173
175
177
180
181
182
183
185
186
189
191
196
202
205
209
210
211
213
216
217
220
222
224
226
227
228
230
231
234
236
239
241
242
243
244
245
247
250
251
252
253
261
263
266
268
269
271
272
275
278
279
280
283
284
287
289
291
293
299
300
301
304
310
311
314
316
320
321
323
325
328
329
330
332
335
338
339
340
342
343
344
349
352
353
358
359
361
363
365
367
368
374
375
378
380
382
383
385
386
391
393
395
396
400
406
408
411
413
416
419
421
422
425
431
434
436
437
441
442
444
445
447
449
454
457
458
464
466
467
468
470
472
475
477
479
481
485
488
490
492
494
495
497
499
501
507
511
513
521
524
526
527
529
534
535
537
538
542
545
547
547
552
553
562
563
564
565
570
573
578
584
586
588
589
595
597
600
601
604
606
609
612
611
614
615
617
619
622
623
625
631
632
632
634
636
641
643
645
645
646
650
656
657
663
664
671
671
674
675
677
678
684
686
687
689
691
691
693
694
698
701
703
705
708
709
711
712
713
715
719
720
721
724
731
737
738
739
741
744
747
748
754
760
761
762
763
764
767
769
772
777
779
780
783
786
790
796
798
800
804
806
814
816
822
825
828
834
838
840
844
847
851
856
858
855
860
861
863
864
866
866
867
870
874
875
877
881
885
892
895
901
903
905
907
913
915
920
921
924
929
934
936
939
940
946
947
949
951
953
954
955
956
957
959
967
973
976
977
977
977
980
981
986
987
989
990
992
996
1005
1005
1007
1007
1013
1015
1019
1022
1023
1028
1032
1034
1039
1043
1044
1047
1052
1055
1053
1058
1061
1064
1067
1071
1072
1073
1075
1079
1083
1086
1088
1089
1096
1099
1102
1106
1110
1113
1114
1115
1120
1120
1124
1126
1129
1132
1133
1134
1136
1137
1138
1142
1143
1146
1148
1153
1158
1161
1162
1163
1165
1173
1176
1181
1181
1178
1178
1180
1181
1183
1187
1192
1196
1204
1204
1206
1211
1216
1217
1217
1219
1226
1228
1232
1234
1235
1236
1238
1239
1244
1246
1247
1249
1249
1254
1257
1263
1261
1264
1264
1266
1271
1271
1273
1275
1278
1279
1277
1277
1281
1287
1284
1284
1283
1283
1286
1291
1294
1296
1296
1296
1300
1303
1304
1305
1306
1306
1309
1309
1310
1311
1312
1314
1312
1312
1320
1321
1323
1325
1332
1332
1337
1337
1339
1341
1343
1344
1346
1347
1348
1349
1349
1350
1356
1357
1357
1362
1362
1365
1368
1369
1371
1372
1377
1378
1381
1389
1393
1398
1403
1406
1405
1402
1406
1406
1405
1405
1407
1412
1418
1420
1425
1427
1425
1426
1430
1430
1430
1433
1431
1430
1431
1431
1431
1433
1434
1436
1441
1439
1437
1439
1441
1449
1447
1448
1449
1450
1451
1452
1455
1459
1459
1459
1464
1465
1465
1465
1466
1468
1472
1474
1478
1482
1481
1481
1487
1487
1488
1491
1495
1499
1502
1502
1502
1503
1506
1509
1509
1513
1518
1522
1525
1526
1526
1531
1531
1529
1534
1539
1545
1545
1546
1545
1550
1554
1554
1554
1558
1559
1558
1561
1562
1564
1565
1568
1570
1570
1571
1571
1576
1579
1583
1582
1583
1585
1587
1586
1586
1588
1591
1592
1595
1596
1597
1597
1598
1601
1601
1606
1607
1606
1612
1617
1617
1620
1625
1628
1629
1631
1634
1634
1637
1640
1640
1641
1644
1645
1647
1649
1652
1652
1649
1652
1656
1657
1658
1658
1656
1661
1663
1665
1665
1667
1668
1668
1668
1673
1674
1673
1674
1674
1675
1675
1676
1682
1684
1688
1688
1693
1695
1695
1696
1696
1696
1696
1698
1698
1704
1704
1704
1705
1706
1706
1707
1707
1707
1709
1710
1709
1704
1704
1704
1708
1709
1709
1706
1701
1700
1702
1703
1705
1702
1707
1710
1710
1713
1712
1715
1722
1723
1725
1726
1724
1727
1730
1732
1733
1735
1734
1737
1739
1739
1745
1749
1751
1751
1754
1757
1762
1762
1762
1765
1767
1767
1765
1767
1767
1767
1768
1770
1775
1777
1777
1777
1782
1787
1787
1793
1794
1794
1792
1798
1797
1801
1803
1803
1809
1815
1817
1823
1823
1827
1828
1824
1824
1824
1828
1826
1826
1827
1827
1827
1826
1828
1829
1834
1836
1838
1838
1838
1838
1839
1839
1836
1833
1835
1837
1837
1842
1839
1839
1839
1842
1842
1843
1844
1844
1845
1848
1849
1846
1847
1851
1857
1859
1861
1858
1859
1859
1860
1866
1863
1863
1865
1866
1867
1869
1869
1869
1869
1869
1871
1875
1880
1880
1879
1877
1877
1877
1883
1883
1884
1887
1895
1897
1901
1904
1905
1907
1907
1910
1908
1908
1912
1915
1915
1915
1911
1911
1917
1922
1925
1929
1931
1931
1931
1931
1933
1936
1936
1944
1946
1946
1946
1949
1949
1950
1950
1951
1952
1949
1949
1953
1958
1958
1958
1958
1960
1966
1966
1973
1971
1971
1972
1973
1975
1975
1975
1975
1977
1977
1980
1983
1983
1987
1987
1986
1989
1993
1993
1994
1997
1997
1997
2000
2004
2001
2007
2007
2007
2008
2009
2007
2007
2007
2007
2009
2011
2015
2017
2018
2018
2019
2019
2022
2021
2019
2019
2024
2025
2026
2031
2031
2031
2033
2031
2032
2032
2032
2035
2035
2035
2034
2034
2034
2038
2038
2037
2045
2045
2045
2048
2050
2050
2050
2050
2050
2050
2050
2050
2050
2049
2052
2052
2052
2054
2059
2059
2062
2062
2059
2057
2057
2059
2059
2062
2062
2062
2061
2058
2059
2065
2067
2072
2072
2070
2072
2073
2073
2077
2077
2077
2077
2078
2078
2079
2081
2081
2083
2083
2084
2086
2084
2084
2084
2085
2086
2086
2088
2088
2089
2094
2094
2094
2098
2098
2098
2098
2098
2101
2099
2100
2100
2102
2102
2105
2105
2105
2105
2105
2105
2106
2107
2107
2107
2110
2110
2114
2119
2122
2122
2122
2122
2118
2118
2118
2118
2118
2118
2118
2118
2115
2115
2118
2118
2118
2118
2118
2118
2120
2119
2119
2122
2122
2124
2123
2124
2124
2123
2126
2128
