384.71999999999747
385.4399999999975
387.5999999999975
388.31999999999755
389.75999999999755
390.4799999999976
391.9199999999975
394.07999999999754
396.2399999999975
396.9599999999975
399.11999999999745
400.5599999999975
401.99999999999756
404.1599999999975
405.59999999999746
406.31999999999744
407.7599999999975
409.91999999999746
411.3599999999974
412.7999999999974
414.23999999999745
416.1399999999974
416.8599999999974
417.57999999999737
419.73999999999734
421.1799999999973
421.8999999999973
423.33999999999725
424.0599999999973
425.4999999999972
426.21999999999724
428.1199999999972
428.83999999999725
430.99999999999727
431.71999999999724
433.87999999999715
435.3199999999971
436.0399999999971
437.4799999999971
439.6399999999971
440.35999999999706
441.799999999997
442.519999999997
443.959999999997
445.399999999997
447.55999999999693
448.99999999999693
449.7199999999969
450.43999999999687
451.15999999999684
452.59999999999684
454.0399999999968
456.19999999999675
457.63999999999675
458.12999999999676
459.56999999999675
461.7299999999968
462.44999999999675
464.6099999999967
466.04999999999666
466.04999999999666
467.48999999999666
469.1599999999966
469.87999999999664
471.3199999999967
472.03999999999667
474.19999999999663
476.35999999999666
477.79999999999666
479.2399999999966
481.39999999999657
482.11999999999654
483.5599999999966
484.2799999999966
484.99999999999665
485.7199999999967
487.8799999999967
488.3699999999967
489.80999999999676
491.2499999999968
494.1299999999968
496.28999999999684
497.72999999999683
499.1699999999968
500.6099999999968
502.0499999999968
502.76999999999686
504.9299999999968
505.64999999999685
507.0899999999969
508.52999999999696
509.249999999997
510.9199999999969
512.8199999999969
514.979999999997
517.139999999997
517.859999999997
519.299999999997
521.4599999999971
522.179999999997
523.619999999997
525.059999999997
527.2199999999971
528.6599999999971
530.8199999999972
532.2599999999973
532.9799999999972
534.4199999999972
536.5799999999973
537.2999999999972
538.9699999999972
540.4099999999972
542.3099999999972
543.7499999999973
545.1899999999972
545.9099999999972
548.0699999999973
549.5099999999974
550.2299999999974
551.6699999999975
553.8299999999975
555.9899999999975
558.1499999999976
559.5899999999975
561.0299999999975
563.1899999999976
563.9099999999976
564.6299999999976
565.3499999999976
564.3999999999976
565.1199999999976
567.2799999999977
567.9999999999977
568.4299999999977
569.8699999999977
571.3099999999978
572.7499999999977
574.1899999999978
574.1899999999978
576.3499999999979
577.0699999999979
578.509999999998
579.229999999998
579.949999999998
582.1099999999981
584.2699999999982
586.4299999999981
587.8699999999982
590.0299999999982
590.7499999999982
592.1899999999982
592.9099999999983
593.6299999999983
595.0699999999983
595.7899999999984
596.5099999999984
597.9499999999983
599.3899999999984
600.8299999999984
601.5499999999984
602.9899999999983
604.4299999999984
603.7099999999983
605.8699999999983
608.0299999999984
608.7499999999984
610.9099999999984
613.0699999999985
614.5099999999985
615.4599999999986
617.6199999999986
618.3399999999987
619.7199999999987
620.4399999999987
622.5999999999988
624.0399999999988
624.7599999999989
625.4799999999989
626.9199999999989
629.0799999999989
631.2399999999989
632.6799999999989
634.8399999999988
636.9999999999989
637.9499999999989
639.3899999999988
641.0599999999989
642.0099999999989
642.7299999999988
644.1699999999987
646.0699999999987
646.7899999999987
647.5099999999987
648.6899999999987
649.4099999999987
650.1299999999987
650.8499999999988
651.5699999999988
652.7499999999987
654.1899999999988
655.6299999999987
657.7899999999987
658.2799999999987
658.7099999999988
659.4299999999988
660.1499999999988
662.3099999999989
663.749999999999
665.189999999999
667.3499999999991
668.069999999999
667.349999999999
668.069999999999
670.2299999999991
670.949999999999
671.8999999999991
672.6199999999991
674.7799999999992
675.4999999999992
676.9399999999993
677.6599999999993
678.3799999999993
680.5399999999993
681.7199999999993
683.1599999999993
684.8299999999992
686.9899999999993
688.4299999999994
691.3099999999994
693.4699999999993
694.9099999999994
694.9099999999994
695.6299999999994
695.6299999999994
694.9099999999994
695.6299999999994
697.0699999999996
698.2499999999995
698.9699999999996
698.9699999999996
698.9699999999996
699.6899999999995
700.1199999999995
702.2799999999996
702.9999999999997
705.1599999999996
707.3199999999996
710.1999999999996
710.9199999999996
713.0799999999996
715.2399999999997
717.3999999999996
717.8899999999996
720.0499999999997
721.4899999999998
722.2099999999998
722.9299999999997
724.3699999999998
725.0899999999998
724.3699999999999
726.2699999999999
726.2699999999999
728.4299999999998
729.8699999999998
731.5399999999997
732.9799999999998
733.6999999999998
734.1599999999999
736.3199999999998
737.7599999999999
738.4799999999999
738.9399999999999
740.38
741.76
742.48
743.2
745.3600000000001
746.5400000000001
748.7
749.4200000000001
751.5800000000002
752.3000000000002
753.0200000000002
754.6900000000003
755.6400000000002
756.3600000000002
756.7900000000002
757.5100000000001
758.4300000000002
760.5900000000001
761.3100000000002
762.7500000000003
763.4700000000004
765.6300000000003
767.7900000000004
768.5100000000004
769.9500000000004
769.9500000000004
772.1100000000004
774.0100000000003
774.0100000000003
775.4500000000004
777.1200000000002
779.5100000000002
780.9500000000003
782.3900000000003
782.3900000000003
783.1100000000004
781.6700000000004
783.5700000000004
784.7500000000003
784.7500000000003
785.4700000000005
786.1900000000005
786.9100000000005
789.0700000000005
789.7900000000005
790.5100000000004
792.4100000000005
793.8500000000005
795.0300000000004
797.1900000000004
799.0900000000004
801.2500000000005
801.9700000000005
802.6900000000005
804.1300000000006
804.8500000000006
806.2300000000006
806.2300000000006
808.1300000000006
809.0800000000006
811.2400000000007
812.9100000000007
815.0700000000006
817.2300000000007
819.3900000000007
819.8200000000006
820.5400000000006
821.2600000000007
822.7000000000006
824.1400000000006
824.8600000000006
824.8600000000006
824.8600000000006
824.8600000000006
824.8600000000006
827.0200000000006
827.7400000000006
829.9000000000007
832.0600000000006
834.2200000000006
835.6600000000005
837.5600000000005
839.7200000000006
839.7200000000006
839.7200000000006
844.7000000000006
846.8600000000006
849.0200000000006
849.7400000000006
850.4600000000005
850.4600000000005
851.1800000000005
852.5600000000005
852.9900000000006
855.1500000000005
855.8700000000006
858.0300000000005
858.9500000000006
860.3900000000006
862.5500000000006
862.9800000000007
863.7000000000007
865.8600000000007
867.7600000000007
868.4800000000007
869.9200000000008
872.0800000000008
873.5200000000009
875.680000000001
875.680000000001
877.1200000000009
877.8400000000009
878.560000000001
879.940000000001
881.3800000000009
883.5400000000009
884.9800000000009
886.420000000001
888.5800000000011
890.0200000000011
891.4600000000012
892.9000000000011
895.0600000000012
895.0600000000012
896.5000000000013
897.2200000000013
897.9400000000013
899.3800000000012
900.5600000000012
901.0500000000012
902.4900000000011
902.4900000000011
903.2100000000012
902.4900000000011
902.0000000000011
903.4400000000012
905.6000000000013
906.5500000000013
906.1200000000013
906.8400000000013
906.8400000000013
908.5100000000012
909.8900000000012
910.6100000000013
911.0400000000013
913.2000000000014
913.2000000000014
913.9200000000014
913.9200000000014
914.6400000000014
915.3600000000013
917.5200000000012
918.9600000000013
918.9600000000013
920.4000000000012
921.8400000000013
923.5100000000014
923.5100000000014
925.6700000000013
926.5900000000013
927.7700000000012
928.2600000000012
929.1800000000012
929.9000000000012
930.6200000000013
931.3400000000012
931.3400000000012
932.0600000000012
930.3900000000011
931.8300000000012
932.5500000000011
934.220000000001
935.890000000001
936.840000000001
936.840000000001
937.5600000000011
938.0200000000011
939.6900000000011
940.640000000001
941.820000000001
942.540000000001
943.7200000000009
943.290000000001
944.210000000001
945.1300000000009
945.1300000000009
946.3100000000009
946.3100000000009
947.7500000000009
949.4200000000009
950.3700000000009
951.0900000000009
952.530000000001
953.250000000001
954.6900000000011
956.1300000000011
956.8500000000012
957.5700000000012
957.5700000000012
959.7300000000012
960.4500000000011
961.1700000000011
961.1700000000011
961.1700000000011
961.1700000000011
961.1700000000011
961.8900000000011
960.4500000000012
961.1700000000011
961.890000000001
963.330000000001
962.3800000000009
962.810000000001
963.300000000001
964.020000000001
966.180000000001
968.3400000000009
969.0600000000009
971.2200000000009
972.8900000000009
974.0700000000008
975.5100000000009
976.2300000000009
976.950000000001
976.230000000001
976.9500000000011
978.390000000001
978.390000000001
980.550000000001
981.270000000001
981.990000000001
981.990000000001
983.430000000001
983.430000000001
986.250000000001
988.150000000001
989.330000000001
990.050000000001
990.770000000001
992.670000000001
994.110000000001
996.0100000000009
996.7300000000009
998.170000000001
998.890000000001
999.6100000000009
999.6100000000009
1000.070000000001
1001.7400000000009
1002.920000000001
1003.640000000001
1004.560000000001
1004.560000000001
1006.720000000001
1007.4400000000011
1008.1600000000011
1009.600000000001
1011.040000000001
1011.040000000001
1011.4700000000009
1011.4700000000009
1012.190000000001
1012.9100000000009
1014.3500000000009
1016.2500000000009
1017.200000000001
1017.920000000001
1019.5900000000009
1021.750000000001
1023.1900000000011
1024.860000000001
1026.300000000001
1028.4600000000012
1029.900000000001
1031.080000000001
1032.980000000001
1034.420000000001
1036.0900000000008
1037.760000000001
1037.760000000001
1038.4800000000007
1039.2000000000007
1039.9200000000008
1041.3000000000006
1045.5600000000006
1045.5600000000006
1046.0200000000007
1048.1800000000007
1050.3400000000006
1050.5400000000006
1050.5400000000006
1052.2100000000007
1053.3900000000008
1054.1100000000008
1054.1100000000008
1054.1100000000008
1054.1100000000008
1055.0300000000007
1059.2900000000006
1059.2900000000006
1059.2900000000006
1060.7300000000005
1060.7300000000005
1062.6300000000006
1063.0600000000004
1063.7800000000004
1065.2200000000005
1065.9400000000005
1067.3800000000006
1067.8400000000006
1068.2700000000007
1069.7100000000007
1071.1500000000008
1071.1500000000008
1071.5800000000008
1073.7400000000007
1075.1200000000008
1075.1200000000008
1073.6800000000007
1074.4000000000008
1074.8300000000008
1076.7300000000007
1077.6500000000005
1078.5700000000006
1079.2900000000006
1080.9600000000007
1081.4200000000008
1081.8500000000006
1083.5200000000004
1083.7500000000005
1084.4700000000005
1084.9600000000005
1085.4500000000005
1086.4000000000003
1086.8300000000004
1087.5500000000004
1088.4700000000005
1089.3900000000003
1091.5500000000004
1092.2700000000004
1095.1500000000003
1097.3100000000004
1098.0300000000004
1098.7500000000005
1099.4700000000005
1101.6300000000006
1102.0600000000004
1104.2200000000005
1106.3800000000006
1106.6100000000006
1107.3300000000006
1109.2300000000005
1109.2300000000005
1106.4100000000005
1107.7900000000006
1109.2300000000005
1111.3900000000006
1112.3400000000006
1114.5000000000005
1115.2200000000005
1115.9400000000005
1116.6600000000005
1116.6600000000005
1118.8200000000006
1120.2600000000004
1121.1800000000005
1122.1300000000008
1123.3100000000006
1124.0300000000004
1124.7500000000005
1124.0300000000004
1125.2100000000005
1126.6500000000008
1127.1100000000008
1127.8300000000006
1129.2100000000007
1129.9300000000005
1131.8300000000004
1132.2600000000004
1128.0000000000005
1128.4300000000005
1129.1500000000003
1129.1500000000003
1129.1500000000003
1129.5800000000002
1130.7600000000002
1132.2
1133.64
1135.0800000000002
1134.65
1134.65
1136.3200000000002
1136.3200000000002
1138.4800000000002
1139.66
1140.38
1140.38
1142.0500000000002
1142.0500000000002
1142.48
1143.92
1144.38
1144.8700000000001
1144.8700000000001
1144.8700000000001
1145.3000000000002
1146.0200000000002
1146.7400000000002
1146.7400000000002
1147.46
1147.89
1148.6100000000001
1148.6100000000001
1150.51
1150.97
1151.6899999999998
1151.6899999999998
1150.9699999999998
1151.3999999999999
1150.6799999999998
1150.9099999999999
1152.35
1151.63
1153.0700000000002
1152.64
1153.3600000000001
1154.8
1154.8
1156.96
1160.56
1160.56
1160.56
1162.72
1162.26
1162.75
1162.75
1163.47
1163.47
1163.47
1164.19
1164.19
1163.76
1164.7100000000003
1163.2700000000002
1164.19
1164.6200000000001
1164.6200000000001
1166.0600000000002
1166.5200000000002
1166.5200000000002
1167.2400000000002
1167.2400000000002
1167.6700000000003
1168.3900000000003
1170.0600000000002
1171.24
1172.16
1173.34
1174.52
1175.9
1176.8500000000001
1177.28
1178.2299999999998
1177.51
1177.51
1177.51
1179.67
1179.67
1179.67
1179.67
1180.39
1181.77
1182.49
1182.49
1186.7500000000002
1187.47
1188.19
1189.1100000000004
1190.7800000000002
1190.7800000000002
1191.5000000000002
1191.96
1193.8600000000001
1194.8100000000002
1196.97
1196.97
1198.41
1197.69
1198.41
1198.41
1199.3600000000001
1199.79
1201.2300000000002
1202.9
1204.8
1206.24
1206.24
1207.68
1208.14
1210.3
1210.7299999999998
1210.7299999999998
1212.8899999999999
1212.8899999999999
1212.17
1212.17
1211.45
1211.45
1211.88
1213.06
1214.73
1215.68
1214.96
1216.86
1217.8099999999997
1219.2499999999998
1219.2499999999998
1219.9699999999996
1219.9699999999996
1221.8699999999997
1222.2999999999995
1223.4799999999998
1225.6399999999999
1225.6399999999999
1224.9199999999996
1226.36
1226.36
1226.79
1227.28
1228.0
1229.1799999999998
1229.6399999999996
1231.0799999999997
1231.0799999999997
1231.9999999999998
1231.9999999999998
1232.9199999999998
1233.35
1239.05
1239.05
1240.4299999999998
1240.8899999999999
1242.27
1245.5799999999997
1246.9599999999998
1249.12
1250.4999999999998
1251.6799999999996
1251.6799999999996
1253.3499999999997
1254.5299999999997
1254.5299999999997
1255.0199999999998
1256.9199999999996
1256.9199999999996
1257.3799999999997
1256.6599999999996
1256.6599999999996
1256.6599999999996
1258.0999999999997
1257.3799999999999
1258.7599999999998
1258.0399999999997
1258.0399999999997
1258.9899999999998
1259.7099999999998
1261.1499999999999
1261.87
1262.59
1262.59
1262.59
1262.59
1263.3099999999997
1260.1999999999998
1260.9199999999998
1260.9199999999998
1261.6399999999999
1261.6399999999999
1262.36
1262.36
1263.2799999999997
1264.4599999999998
1264.4599999999998
1265.6399999999996
1267.3099999999997
1269.4699999999996
1271.1399999999996
1272.0899999999997
1273.0099999999998
1272.2899999999997
1272.7199999999998
1273.1799999999998
1272.23
1273.1499999999999
1272.6899999999998
1273.6399999999996
1275.0199999999998
1275.0199999999998
1275.7399999999998
1276.6599999999996
1277.8399999999997
1277.8399999999997
1277.8399999999997
1278.5599999999997
1278.5599999999997
1280.7199999999998
1281.4399999999996
1283.11
1283.83
1283.57
1284.2899999999997
1284.7199999999998
1284.7199999999998
1284.7199999999998
1284.7199999999998
1283.28
1284.0
1284.7199999999998
1285.6399999999996
1286.3599999999997
1285.3799999999997
1285.3799999999997
1285.3799999999997
1284.4599999999998
1284.8899999999996
1286.5599999999997
1286.9899999999998
1287.9099999999996
1288.6299999999997
1289.5799999999997
1289.1499999999999
1289.87
1292.03
1292.4599999999998
1292.4599999999998
1293.4099999999999
1293.4099999999999
1294.5899999999997
1294.5899999999997
1294.5899999999997
1296.2599999999998
1298.4199999999996
1298.8799999999997
1299.7999999999997
1301.1799999999998
1301.1799999999998
1301.6699999999998
1303.57
1304.0299999999997
1304.7499999999998
1304.7499999999998
1305.2399999999998
1304.5199999999998
1305.4699999999996
1306.6499999999994
1307.3699999999994
1307.3699999999994
1307.3699999999994
1307.7999999999995
1307.7999999999995
1307.7999999999995
1307.7999999999995
1307.7999999999995
1309.4399999999994
1311.1099999999992
1312.0599999999993
1312.0599999999993
1313.2399999999993
1312.5199999999993
1312.5199999999993
1314.4199999999994
1314.4199999999994
1313.4999999999995
1313.9299999999994
1315.3099999999995
1316.4899999999993
1318.1599999999994
1318.6499999999994
1319.0799999999995
1320.9799999999993
1321.6999999999994
1321.6999999999994
1321.6999999999994
1322.6199999999994
1323.3399999999995
1324.0599999999995
1326.2199999999996
1328.3799999999997
1328.3799999999997
1328.3799999999997
1329.5599999999995
1330.4799999999996
1331.1999999999996
1331.1999999999996
1331.9199999999994
1332.3499999999995
1332.3499999999995
1332.3499999999995
1332.3499999999995
1334.5099999999995
1335.9499999999994
1335.9499999999994
1335.9499999999994
1337.8499999999995
1337.8499999999995
1337.8499999999995
1337.8499999999995
1337.1299999999994
1337.5599999999993
1337.9899999999993
1337.0399999999995
1337.0399999999995
1337.0399999999995
1342.7399999999993
1341.5299999999993
1341.5299999999993
1343.8899999999994
1343.8899999999994
1344.8399999999995
1344.3799999999997
1344.3799999999997
1345.2999999999995
1346.2199999999996
1347.1699999999996
1347.1699999999996
1347.1699999999996
1347.8899999999996
1347.8899999999996
1349.3299999999997
1349.7599999999998
1350.4799999999996
1351.1999999999996
1351.1999999999996
1351.1999999999996
1352.1499999999994
1353.8199999999993
1353.8199999999993
1354.5399999999993
1354.5399999999993
1354.5399999999993
1355.0299999999993
1355.4599999999994
1355.4599999999994
1356.8999999999994
1357.8199999999993
1357.8199999999993
1357.8199999999993
1358.4799999999993
1358.0199999999993
1358.9399999999994
1359.3699999999994
1359.3699999999994
1360.0899999999995
1360.5199999999993
1361.0099999999993
1360.2899999999993
1360.7499999999993
1358.8499999999995
1360.7499999999993
1360.7499999999993
1360.7499999999993
1361.2399999999993
1361.2399999999993
1361.9599999999994
1361.9599999999994
1361.9599999999994
1362.6799999999994
1363.8599999999994
1364.7799999999993
1366.1599999999992
1366.1599999999992
1366.1599999999992
1367.0799999999992
1368.259999999999
1368.749999999999
1369.1799999999992
1369.8999999999992
1369.8999999999992
1369.8999999999992
1373.4399999999991
1375.599999999999
1376.029999999999
1376.9799999999989
1376.9799999999989
1378.359999999999
1378.789999999999
1379.739999999999
1379.739999999999
1381.4099999999992
1382.129999999999
1383.7999999999988
1385.2399999999989
1385.2399999999989
1385.2399999999989
1385.9599999999987
1385.9599999999987
1385.9599999999987
1385.9599999999987
1387.3999999999985
1387.3999999999985
1387.3999999999985
1387.3999999999985
1388.1199999999985
1388.8399999999986
1389.7599999999984
1390.7099999999987
1390.7099999999987
1391.1399999999985
1391.8599999999985
1391.8599999999985
1391.8599999999985
1391.8599999999985
1392.7799999999986
1392.3499999999985
1392.8399999999986
1393.5599999999986
1392.8399999999986
1393.5599999999986
1393.1299999999985
1392.6699999999987
1392.6699999999987
1394.1099999999988
1394.1099999999988
1394.1099999999988
1394.1099999999988
1394.1099999999988
1394.5999999999988
1394.5999999999988
1395.0599999999986
1396.4399999999987
1397.3899999999987
1397.3899999999987
1398.1099999999988
1398.5399999999988
1399.4599999999987
1399.4599999999987
1400.8399999999988
1401.7899999999986
1401.0699999999986
1401.4999999999986
1401.4999999999986
1401.4999999999986
1401.4999999999986
1402.2199999999987
1402.2199999999987
1402.9399999999987
1403.3699999999988
1402.909999999999
1402.909999999999
1403.629999999999
1404.549999999999
1402.849999999999
1402.849999999999
1402.849999999999
1402.849999999999
1402.849999999999
1403.309999999999
1403.309999999999
1404.689999999999
1404.689999999999
1407.0799999999988
1407.0799999999988
1407.0799999999988
1412.0599999999988
1413.7299999999989
1414.6499999999987
1415.1099999999988
1419.1699999999987
1420.1199999999985
1420.1199999999985
1419.3999999999985
1420.3499999999985
1419.8899999999987
1419.8899999999987
1421.5599999999988
1422.4799999999989
1422.969999999999
1422.969999999999
1423.459999999999
1423.459999999999
1423.459999999999
1423.459999999999
1423.459999999999
1424.179999999999
1425.359999999999
1424.639999999999
1426.5399999999988
1426.5399999999988
1426.079999999999
1426.079999999999
1426.079999999999
1429.619999999999
1430.339999999999
1430.339999999999
1431.779999999999
1431.779999999999
1433.2199999999991
1433.2199999999991
1432.2699999999993
1433.2199999999993
1433.9399999999994
1433.9399999999994
1433.9399999999994
1433.9399999999994
1433.9399999999994
1433.9399999999994
1433.9399999999994
1433.9399999999994
1434.6599999999994
1435.5799999999995
1435.5799999999995
1436.5299999999993
1436.9899999999993
1438.6599999999992
1440.329999999999
1441.7099999999991
1439.549999999999
1439.549999999999
1439.549999999999
1439.549999999999
1439.549999999999
1439.549999999999
1439.549999999999
1439.549999999999
1445.2499999999989
1445.679999999999
1444.759999999999
1444.759999999999
1444.759999999999
1444.759999999999
1445.189999999999
1446.109999999999
1446.109999999999
1446.109999999999
1446.109999999999
1447.029999999999
1447.029999999999
1447.029999999999
1448.699999999999
1448.699999999999
1449.419999999999
1449.849999999999
1449.849999999999
1446.309999999999
1446.309999999999
1446.799999999999
1447.519999999999
1447.519999999999
1448.899999999999
1449.849999999999
1449.849999999999
1450.279999999999
1449.099999999999
1451.259999999999
1451.749999999999
1453.9099999999992
1454.339999999999
1454.339999999999
1454.769999999999
1455.199999999999
1455.199999999999
1455.199999999999
1456.3799999999987
1456.8099999999988
1458.2499999999989
1459.9199999999987
1461.3599999999988
1461.8199999999986
1461.8199999999986
1462.3099999999986
1462.3099999999986
1462.3099999999986
1462.3099999999986
1462.3099999999986
1466.5699999999986
1466.9999999999986
1466.9999999999986
1466.5399999999986
1466.5399999999986
1465.3599999999985
1466.7999999999986
1467.2299999999984
1467.2299999999984
1467.6899999999985
1467.6899999999985
1469.1299999999985
1469.1299999999985
1469.1299999999985
1469.1299999999985
1469.1299999999985
1470.5699999999986
1470.5699999999986
1471.2899999999986
1471.2899999999986
1470.8299999999986
1471.2899999999984
1470.8599999999983
1467.8099999999984
1467.8099999999984
1467.8099999999984
1468.5299999999984
1468.9899999999984
1468.2699999999986
1468.2699999999986
1468.2699999999986
1468.2699999999986
1468.2699999999986
1468.2699999999986
1468.9899999999986
1468.6999999999987
1469.6499999999987
1470.1399999999987
1470.6299999999987
1471.5799999999988
1471.5799999999988
1471.5799999999988
1471.5799999999988
1471.5799999999988
1473.0199999999986
1473.0199999999986
1474.3999999999985
1474.3999999999985
1477.9399999999985
1477.9399999999985
1477.9399999999985
1477.9399999999985
1477.9399999999985
1478.8599999999985
1480.0399999999984
1480.0399999999984
1480.0399999999984
1480.0399999999984
1480.7599999999984
1481.2199999999984
1481.6499999999985
1482.5999999999985
1482.5999999999985
1482.5999999999985
1483.0899999999986
1483.5199999999986
1484.9599999999987
1482.8599999999988
1483.3499999999988
1483.7799999999988
1483.7799999999988
1483.7799999999988
1485.219999999999
1481.679999999999
1482.109999999999
1482.829999999999
1482.829999999999
1482.829999999999
1484.269999999999
1485.7099999999991
1485.7099999999991
1486.429999999999
1486.429999999999
1486.859999999999
1486.859999999999
1487.349999999999
1487.779999999999
1487.779999999999
1488.2399999999989
1488.669999999999
1489.129999999999
1489.129999999999
1488.409999999999
1489.7899999999988
1489.5299999999988
1491.429999999999
1491.859999999999
1491.429999999999
1490.049999999999
1491.489999999999
1491.9199999999992
1492.6399999999992
1492.6399999999992
1490.9699999999991
1490.9699999999991
1490.479999999999
1490.479999999999
1490.479999999999
1490.479999999999
1490.479999999999
1490.909999999999
1491.339999999999
1491.339999999999
1491.339999999999
1491.339999999999
1492.5199999999988
1493.2399999999989
1493.6699999999987
1494.0999999999988
1494.0999999999988
1497.6399999999987
1497.6399999999987
1498.0699999999988
1498.5299999999986
1498.9599999999984
1498.9599999999984
1498.9599999999984
1499.1899999999985
1499.1899999999985
1499.9099999999985
1499.9099999999985
1499.9099999999985
1500.6299999999983
1499.7099999999982
1501.1499999999983
1501.5799999999983
1501.5799999999983
1501.5799999999983
1501.5799999999983
1502.0099999999982
1502.0099999999982
1502.0099999999982
1503.189999999998
1502.7599999999982
1503.219999999998
1503.6499999999978
1504.0799999999979
1504.509999999998
1505.4599999999978
1505.8899999999978
1505.8899999999978
1507.0699999999977
1507.0699999999977
1507.0699999999977
1507.4999999999977
1507.9899999999977
1508.9099999999978
1508.9099999999978
1509.8299999999979
1509.8299999999979
1507.729999999998
1507.239999999998
1508.189999999998
1508.6499999999978
1508.6499999999978
1508.6499999999978
1508.6499999999978
1510.0899999999976
1510.0899999999976
1510.5199999999977
1511.8999999999976
1511.4699999999978
1510.7499999999977
1511.4699999999978
1512.1899999999978
1512.1899999999978
1512.1899999999978
1514.3499999999979
1515.2699999999977
1511.9299999999978
1512.3599999999979
1512.3599999999979
1513.3099999999977
1512.3899999999976
1512.8199999999977
1512.8199999999977
1512.8199999999977
1512.8199999999977
1512.8199999999977
1513.2499999999975
1514.6299999999974
1515.3499999999974
1514.8899999999974
1515.8399999999974
1517.0199999999975
1516.2399999999973
1517.1599999999974
1517.1599999999974
1517.1599999999974
1517.6199999999972
1518.3399999999972
1519.059999999997
1519.059999999997
1520.009999999997
1520.009999999997
1516.9299999999969
1516.9299999999969
1516.9299999999969
1516.9299999999969
1517.359999999997
1517.359999999997
1517.359999999997
1517.359999999997
1518.799999999997
1519.7199999999968
1520.4399999999969
1520.4399999999969
1521.3899999999967
1521.8499999999965
1522.5699999999965
1522.3399999999965
1522.8299999999965
1522.3399999999965
1522.3399999999965
1522.7699999999966
1524.1499999999967
1524.5799999999965
1524.5799999999965
1524.5799999999965
1524.5799999999965
1524.5799999999965
1525.0099999999966
1525.4699999999964
1528.8099999999963
1527.4299999999964
1527.4299999999964
1527.4299999999964
1527.4299999999964
1527.4299999999964
1527.4299999999964
1528.3799999999965
1528.3799999999965
1529.8199999999965
1529.8199999999965
1529.8199999999965
1531.4899999999964
1531.4899999999964
1533.3899999999962
1532.4399999999962
1532.4399999999962
1533.3599999999963
1534.7999999999963
1535.2899999999963
1535.7199999999964
1535.7199999999964
1536.2099999999964
1538.3699999999965
1538.3699999999965
1539.5499999999963
1539.5499999999963
1541.2199999999964
1541.2199999999964
1541.2199999999964
1541.2199999999964
1541.6499999999965
1541.6499999999965
1541.6499999999965
1541.6499999999965
1541.6499999999965
1541.6499999999965
1542.1399999999965
1542.1399999999965
1541.7099999999964
1541.7099999999964
1541.7099999999964
1541.7099999999964
1541.7099999999964
1542.4299999999962
1542.889999999996
1542.889999999996
1545.049999999996
1545.049999999996
1545.049999999996
1545.049999999996
1545.999999999996
1545.999999999996
1550.259999999996
1551.4399999999957
1551.8699999999958
1551.8699999999958
1553.3099999999959
1552.5899999999958
1552.5899999999958
1553.0199999999957
1554.1999999999957
1554.1999999999957
1558.4599999999957
1557.0799999999958
1557.5099999999957
1557.9699999999955
1559.6399999999956
1558.9199999999955
1558.9199999999955
1559.8399999999956
1560.2999999999954
1561.9699999999953
1562.4599999999953
1562.4599999999953
1562.4599999999953
1563.409999999995
1564.129999999995
1564.6199999999951
1564.6199999999951
1565.569999999995
1565.569999999995
1565.1099999999951
1565.1099999999951
1565.5999999999951
1565.5999999999951
1564.879999999995
1565.3099999999952
1563.929999999995
1563.929999999995
1563.929999999995
1563.929999999995
1564.649999999995
1565.139999999995
1565.139999999995
1565.139999999995
1565.139999999995
1565.139999999995
1565.139999999995
1565.5699999999952
1565.5699999999952
1565.5699999999952
1565.5699999999952
1565.5699999999952
1565.5699999999952
1567.009999999995
1567.9299999999948
1567.499999999995
1567.499999999995
1567.929999999995
1567.929999999995
1567.929999999995
1565.049999999995
1565.049999999995
1564.619999999995
1564.619999999995
1565.0499999999947
1565.0499999999947
1565.0499999999947
1565.0499999999947
1565.0499999999947
1565.5399999999947
1565.5399999999947
1565.5399999999947
1565.9699999999948
1566.4299999999948
1566.4299999999948
1566.4299999999948
1566.9199999999948
1566.9199999999948
1567.349999999995
1567.349999999995
1567.349999999995
1567.349999999995
1568.2699999999948
1568.2699999999948
1569.4499999999946
1569.4499999999946
1569.4499999999946
1569.4499999999946
1570.3699999999947
1570.3699999999947
1570.3699999999947
1570.8299999999945
1574.3999999999944
1574.3999999999944
1574.3999999999944
1575.5799999999945
1575.5799999999945
1575.5799999999945
1575.5799999999945
1576.0099999999945
1576.9599999999946
1576.9599999999946
1576.9599999999946
1576.9599999999946
1577.3899999999946
1578.3099999999947
1577.8799999999947
1577.4499999999946
1577.4499999999946
1576.5299999999945
1576.5299999999945
1576.9599999999946
1578.6299999999944
1578.6299999999944
1579.5499999999943
1579.1199999999942
1579.1199999999942
1579.1199999999942
1580.069999999994
1580.069999999994
1580.069999999994
1580.989999999994
1580.989999999994
1582.369999999994
1582.859999999994
1582.859999999994
1583.349999999994
1583.839999999994
1583.839999999994
1580.009999999994
1580.009999999994
1576.6699999999942
1576.6699999999942
1577.0999999999942
1577.529999999994
1577.529999999994
1578.4499999999941
1579.6299999999942
1578.7099999999941
1578.7099999999941
1578.7099999999941
1578.7099999999941
1578.7099999999941
1577.3299999999942
1577.759999999994
1577.759999999994
1579.4299999999942
1580.869999999994
1580.869999999994
1579.1999999999941
