2
5
7
8
10
11
12
13
14
16
18
21
23
24
26
29
30
32
33
34
37
40
43
46
48
50
51
52
53
54
56
59
62
64
65
67
70
71
72
75
76
78
81
83
86
89
91
92
95
97
100
101
102
103
104
105
106
106
109
112
113
115
116
117
118
121
124
124
125
126
128
131
132
133
135
136
138
141
144
147
149
150
152
155
157
158
158
161
164
167
168
167
169
172
173
175
178
181
184
187
188
190
193
195
196
197
198
200
202
205
206
207
208
211
214
216
219
220
223
226
228
229
230
232
234
234
235
238
241
242
244
247
248
249
250
252
254
256
259
259
260
261
262
265
268
269
269
271
273
274
275
278
279
281
284
286
288
291
293
296
298
299
302
305
306
308
310
312
314
315
316
317
318
321
322
324
327
328
329
331
334
336
337
339
341
343
345
345
346
349
349
350
350
352
353
353
355
357
360
361
362
365
367
368
371
372
374
377
379
381
383
383
386
387
389
392
393
395
394
397
398
399
400
401
403
405
405
407
409
411
412
412
415
416
419
421
424
426
427
429
430
430
433
434
435
436
437
439
440
441
444
447
449
450
452
452
454
455
455
456
458
459
461
462
462
465
467
468
471
472
473
472
474
476
477
479
482
482
484
484
486
487
488
488
488
490
490
492
492
494
496
497
498
499
499
501
502
503
505
506
507
509
508
510
513
513
514
515
516
515
518
518
521
523
526
528
528
530
531
534
533
534
533
533
534
534
535
535
536
539
541
543
545
546
547
547
547
547
547
548
549
551
553
553
553
555
555
556
558
558
560
561
561
562
563
564
565
567
568
568
567
568
568
570
571
574
577
577
576
578
579
579
580
581
580
579
580
583
585
586
586
587
590
591
594
597
598
600
602
602
605
606
609
609
610
611
612
613
614
613
613
616
616
617
617
617
619
619
620
622
623
622
622
622
622
623
624
624
627
627
628
630
631
632
634
634
634
636
639
637
638
638
638
641
641
644
647
650
653
655
657
657
657
657
658
661
661
661
662
664
664
664
665
667
667
667
667
667
667
670
671
672
671
672
673
673
674
674
674
676
677
680
683
683
683
683
684
684
685
687
687
688
690
691
694
693
694
695
696
697
700
700
701
703
703
704
706
706
709
709
709
710
710
711
713
715
717
718
718
719
719
721
722
724
724
724
724
725
725
725
726
729
729
730
731
731
729
730
731
732
732
733
734
736
738
740
740
740
740
740
741
741
742
742
744
744
745
745
744
744
745
746
746
747
747
750
751
752
753
753
755
758
758
758
761
764
764
765
766
769
771
772
774
775
776
778
780
780
782
782
784
785
784
786
787
787
788
791
794
795
797
796
796
796
796
798
798
799
800
800
800
801
801
802
805
805
808
809
809
811
812
814
815
815
817
819
821
821
824
824
826
826
827
829
831
832
835
837
839
842
842
842
842
844
845
846
849
850
851
852
855
857
858
859
861
861
862
862
864
864
867
868
868
865
866
866
866
868
870
870
871
871
870
871
872
872
873
874
874
874
876
877
877
879
879
877
877
877
878
878
878
879
880
880
880
880
883
884
884
885
885
887
887
889
889
889
889
889
890
891
891
894
894
894
894
895
895
897
898
900
902
903
905
906
906
907
908
910
910
910
912
914
915
916
917
918
918
918
919
918
918
920
920
920
920
921
921
923
922
923
923
924
924
925
928
928
928
928
928
928
929
929
929
930
930
930
930
930
933
933
933
933
934
934
935
935
935
938
938
938
939
941
940
940
941
943
943
944
944
944
944
944
946
946
947
947
947
947
948
949
948
948
948
948
948
948
948
948
948
950
950
950
950
952
952
953
955
956
957
957
960
960
960
962
962
963
964
964
965
966
966
966
966
968
968
971
971
971
972
972
972
972
972
971
971
972
972
974
976
976
976
978
979
979
979
978
978
978
978
979
979
979
979
980
980
980
980
983
982
982
982
983
983
984
984
984
984
985
984
984
984
984
985
985
985
987
987
987
986
986
986
988
988
988
988
988
989
989
990
990
990
990
990
990
990
990
990
990
990
990
992
994
993
995
995
995
995
995
995
995
996
996
996
996
996
996
997
996
996
996
996
998
999
999
1000
1002
1003
1003
1003
1004
1004
1004
1004
1004
1004
1006
1007
1008
1009
1009
1009
1011
1013
1015
1016
1014
1014
1015
1014
1014
1014
1014
1016
1016
1016
1016
1016
1016
1016
1016
1016
1016
1017
1017
1017
1018
1016
1016
1016
1016
1018
1018
1018
1019
1020
1021
1022
1022
1023
1023
1024
1024
1024
1023
1023
1023
1023
1023
1024
1025
1025
1025
1024
1024
1024
1027
1026
1027
1027
1027
1027
1027
1027
1027
1027
1027
1027
1026
1026
1026
1027
1027
1028
1028
1028
1030
1029
1029
1030
1030
1030
1030
1031
1032
1032
1032
1032
1032
1032
1032
1032
1032
1034
1035
1036
1036
1036
1036
1036
1036
1037
1037
1037
1037
1039
1039
1039
1039
1039
1039
1039
1041
1041
1042
1042
1042
1041
1041
1041
1043
1044
1043
1044
1044
1045
1046
1046
1046
1047
1047
1047
1049
1051
1052
1053
1053
1054
1054
1054
1056
1058
1058
1060
1060
1060
1060
1060
1060
1060
1061
1061
1062
1062
1063
1063
1063
1066
1067
1067
1068
1068
1066
1066
1066
1066
1066
1066
1067
1066
1066
1066
1067
1067
1068
1068
1068
1068
1069
1071
1071
1071
1071
1071
1071
1071
1071
1072
1073
1073
1073
1073
1072
1072
1072
1072
1072
1072
1071
1071
1072
1075
1076
1076
1076
1077
1080
1080
1080
1080
1080
1080
1080
1080
1080
1080
1081
1081
1082
1082
1083
1083
1083
1083
1083
1084
1084
1084
1084
1084
1084
1084
1084
1084
1084
1084
1084
1084
1084
1086
1086
1087
1086
1086
1088
1088
1088
1088
1088
1088
1088
1088
1088
1088
1088
1087
1087
1088
1088
1089
1089
1089
1089
1089
1090
1090
1090
1091
1091
1090
1090
1091
1091
1092
1093
1093
1093
1093
1093
1095
1095
1095
1095
1095
1095
1095
1096
1096
1095
1095
1096
1096
1096
1096
1096
1096
1096
1097
1097
1097
1098
1098
1098
1098
1098
1099
1099
1099
1099
1099
1098
1098
1097
1097
1097
1097
1098
1098
1098
1099
1099
1099
1099
1099
1099
1099
1099
1099
1099
1099
1100
1103
1103
1103
1104
1104
1104
1104
1104
1104
1104
1104
1104
1104
1104
1104
1104
1104
1104
1104
1104
1106
1106
1106
1107
1107
1107
1107
1107
1107
1107
1108
1107
1107
1107
1107
1107
1107
1108
1107
1107
1108
1108
1109
1109
1109
1109
1109
1109
1108
1108
1108
1110
1112
1112
1112
1112
1112
1112
1114
1115
1116
1116
1116
1116
1116
1116
1116
1117
1117
1117
1117
1117
1117
1117
1117
1117
1117
1116
1116
1116
1116
1116
1116
1115
1116
1116
1116
1116
1116
1116
1116
1116
1116
1116
1116
1116
1116
1116
1116
1116
1117
1117
1118
1118
1118
1118
1118
1118
1118
1118
1118
1118
1118
1118
1118
1118
1118
1118
1118
1118
1118
1118
1118
1118
1118
1119
1119
1119
1119
1119
1119
1119
1119
1119
1119
1121
1122
1122
1122
1121
1121
1121
1121
1121
1121
1121
1121
1121
1120
1121
1120
1120
1120
1122
1122
1122
1122
1123
1123
1123
1123
1123
1123
1124
1124
1125
1125
1125
1125
1125
1125
1125
1125
1127
1127
1126
1129
1129
1129
1129
1129
1129
1129
1129
1129
1130
1130
1130
1130
1130
1130
1130
1130
1130
1130
1132
1134
1134
1136
1136
1136
1136
1136
1136
1136
1136
1136
1137
1137
1137
1137
1137
1137
1137
1138
1139
1139
1140
1140
1137
1138
1138
1137
1137
1138
1138
1138
1138
1139
1139
1139
1139
1140
1140
1140
1141
1141
1142
1141
1142
1142
1142
1142
1142
1144
1144
1144
1145
1146
1146
1146
1146
1146
1146
1146
1146
1146
1146
1146
1146
1146
1146
1146
1146
1146
1146
1146
1146
1146
1146
1146
1149
1149
1149
1152
1152
1152
1152
1152
1152
1153
1153
1153
1153
1153
1153
1153
1153
1153
1153
1153
1152
1152
1152
1152
1152
1152
1152
1152
1152
1152
1152
1152
1152
1152
1152
1152
1152
1152
1152
1152
1152
1152
1152
1153
1153
1153
1154
1154
1153
1153
1153
1153
1154
1154
1154
1154
1154
1153
1153
1155
1155
1155
1155
1155
1155
1156
1156
1156
1156
1156
1156
1156
1156
1156
1156
1156
1156
1156
1156
1156
1156
1156
1157
1158
1158
1158
1158
1158
1158
1158
1158
1158
1158
1158
1158
1158
1158
1158
1158
1158
1158
1159
1159
1159
1159
1159
1159
1160
1162
1162
1162
1162
1161
1161
1161
1161
1161
1162
1162
1162
1161
1161
1161
1161
1161
1161
1161
1163
1163
1163
1164
1164
1164
1164
1164
1164
1164
1164
1164
1164
1163
1163
1163
1163
1163
1163
1163
1163
1163
1163
