3
5
7
8
9
10
13
16
18
21
24
27
28
29
31
32
33
35
38
39
41
44
45
48
49
50
52
53
54
56
59
61
62
64
66
69
70
73
74
75
76
77
78
79
82
84
85
87
89
90
93
94
95
97
99
100
102
103
104
106
109
110
111
112
115
118
120
122
123
125
126
127
129
131
133
134
137
140
142
144
147
150
152
155
158
161
164
165
166
167
170
173
175
177
179
182
183
185
187
189
192
195
196
199
202
204
205
208
209
211
214
215
216
217
219
220
221
222
224
226
229
232
232
234
236
239
242
243
244
247
250
251
252
253
254
256
257
258
261
262
265
266
269
272
273
274
276
279
280
281
283
283
285
287
288
288
290
293
296
299
302
303
305
307
308
310
312
314
316
318
317
318
320
322
322
324
327
330
333
332
333
334
336
339
342
342
344
347
349
350
350
353
353
356
357
359
358
361
363
364
366
369
372
374
377
379
378
381
383
384
386
387
390
392
394
397
400
403
404
405
405
405
406
408
409
411
411
413
416
417
419
422
422
423
422
421
423
423
425
426
428
429
430
433
435
435
438
440
440
443
446
446
448
449
450
451
452
453
454
457
459
460
461
464
465
465
468
469
471
474
472
474
474
475
475
476
476
478
478
481
482
484
486
489
490
489
490
490
493
495
497
499
502
504
507
510
511
512
514
514
517
519
522
523
523
523
524
524
526
529
530
533
535
538
540
538
538
540
543
544
547
550
550
553
554
556
556
558
559
560
559
559
560
561
563
566
569
569
570
572
573
575
575
574
575
578
578
581
582
582
584
586
588
589
592
594
595
598
599
600
601
602
601
603
603
603
605
606
608
607
609
609
610
612
610
610
611
613
616
617
617
617
620
621
622
621
623
625
627
630
630
632
633
634
635
635
637
638
639
642
643
644
644
644
646
647
649
648
649
652
651
653
655
656
659
661
661
664
662
663
665
668
668
667
665
668
668
666
669
670
672
675
676
678
680
681
683
683
683
684
686
686
689
689
691
692
691
690
691
692
694
696
696
697
698
700
700
702
703
706
706
708
711
713
715
717
717
718
721
719
722
722
725
726
727
726
728
730
732
735
735
735
738
738
737
737
739
740
740
740
741
742
744
746
748
749
752
755
755
757
758
759
761
762
764
765
765
767
769
771
772
771
774
776
777
778
778
777
777
777
778
780
781
782
783
785
785
787
790
790
792
794
790
791
792
795
795
796
798
800
801
803
806
808
809
810
813
813
814
817
819
819
821
823
825
826
827
830
831
832
834
835
836
838
839
840
841
843
845
844
845
846
847
847
850
850
850
849
850
853
856
856
857
859
859
860
860
862
862
863
864
865
865
864
864
864
867
868
868
867
869
869
868
867
868
869
869
869
872
875
876
878
881
882
881
881
883
885
885
886
888
890
891
894
893
893
893
895
898
901
901
904
905
908
911
913
916
915
915
917
917
918
919
919
922
923
922
922
922
921
922
922
924
925
927
930
929
929
931
933
933
935
935
937
938
936
933
935
936
935
935
937
937
940
940
940
941
943
943
946
945
948
950
952
953
955
958
958
958
959
961
961
961
960
961
961
963
965
967
970
972
974
977
977
977
977
978
979
980
981
981
983
985
986
988
988
989
991
991
991
992
992
994
995
997
997
998
998
998
999
1000
999
999
999
998
1000
1000
1003
1002
1002
1001
1003
1004
1004
1003
1005
1008
1010
1010
1012
1013
1016
1017
1017
1017
1018
1017
1017
1018
1018
1017
1018
1019
1019
1020
1021
1022
1021
1022
1022
1020
1021
1021
1023
1024
1024
1026
1025
1025
1025
1026
1028
1028
1028
1028
1028
1028
1029
1030
1031
1030
1033
1034
1033
1034
1034
1036
1036
1039
1041
1043
1044
1044
1044
1044
1043
1044
1045
1045
1046
1047
1047
1050
1053
1055
1055
1056
1058
1058
1058
1058
1060
1060
1062
1062
1065
1065
1066
1067
1065
1065
1065
1065
1067
1070
1073
1073
1073
1072
1073
1074
1074
1076
1076
1078
1078
1079
1080
1080
1080
1080
1079
1079
1081
1082
1083
1086
1088
1089
1088
1091
1094
1094
1097
1100
1099
1101
1100
1100
1103
1106
1108
1109
1111
1111
1111
1112
1112
1112
1111
1112
1113
1113
1114
1113
1113
1116
1118
1118
1118
1118
1119
1119
1120
1120
1123
1125
1127
1130
1131
1131
1133
1134
1135
1135
1136
1136
1135
1136
1139
1139
1139
1137
1136
1136
1138
1138
1138
1138
1138
1138
1140
1140
1140
1140
1140
1141
1141
1143
1143
1143
1143
1142
1142
1142
1143
1146
1145
1146
1147
1147
1149
1149
1150
1152
1152
1152
1153
1156
1159
1158
1158
1160
1160
1163
1166
1166
1165
1167
1170
1170
1170
1170
1170
1171
1172
1172
1173
1175
1174
1174
1176
1179
1182
1182
1184
1186
1185
1183
1184
1184
1183
1186
1185
1186
1185
1186
1185
1188
1188
1188
1190
1190
1190
1192
1192
1192
1193
1193
1192
1194
1194
1194
1195
1195
1194
1193
1194
1195
1193
1194
1194
1193
1192
1192
1194
1195
1198
1198
1199
1201
1200
1202
1202
1203
1203
1202
1202
1200
1199
1199
1198
1200
1200
1200
1200
1200
1201
1202
1202
1201
1201
1201
1202
1204
1204
1203
1203
1203
1204
1204
1204
1204
1204
1205
1205
1206
1206
1207
1206
1206
1205
1203
1202
1201
1199
1199
1199
1200
1200
1200
1201
1201
1200
1200
1200
1200
1200
1199
1199
1199
1201
1200
1201
1203
1205
1206
1206
1206
1208
1208
1208
1207
1207
1208
1208
1208
1208
1208
1208
1210
1212
1212
1215
1215
1216
1216
1216
1217
1217
1220
1220
1222
1221
1220
1220
1220
1222
1222
1223
1223
1223
1223
1221
1221
1221
1220
1219
1222
1222
1222
1224
1225
1225
1224
1225
1225
1224
1224
1224
1224
1223
1224
1224
1223
1223
1224
1226
1228
1228
1230
1230
1230
1232
1230
1230
1232
1231
1234
1234
1237
1237
1239
1239
1238
1239
1242
1242
1241
1241
1242
1242
1242
1241
1243
1244
1243
1243
1243
1243
1243
1242
1242
1242
1241
1241
1243
1242
1242
1242
1243
1244
1244
1244
1244
1245
1244
1246
1245
1244
1242
1242
1241
1241
1241
1240
1238
1241
1241
1239
1239
1239
1238
1238
1236
1236
1236
1236
1236
1237
1237
1237
1235
1235
1238
1238
1238
1238
1238
1238
1238
1239
1238
1241
1240
1240
1240
1239
1241
1241
1242
1243
1242
1243
1244
1244
1247
1245
1245
1244
1246
1249
1249
1252
1251
1253
1255
1255
1255
1254
1256
1256
1256
1259
1261
1263
1263
1263
1262
1261
1261
1263
1263
1263
1263
1263
1263
1264
1264
1261
1261
1262
1263
1262
1261
1261
1261
1261
1261
1261
1262
1264
1264
1266
1268
1268
1267
1267
1270
1269
1271
1270
1272
1272
1271
1271
1273
1273
1274
1274
1276
1276
1275
1277
1277
1277
1277
1275
1274
1277
1279
1282
1282
1282
1282
1284
1287
1287
1286
1286
1286
1286
1289
1289
1290
1290
1290
1291
1290
1291
1293
1294
1297
1298
1298
1299
1299
1299
1299
1300
1300
1300
1299
1299
1299
1300
1300
1301
1302
1302
1302
1302
1305
1305
1305
1305
1305
1305
1305
1304
1304
1303
1303
1302
1302
1303
1303
1303
1302
1302
1302
1302
1304
1304
1306
1307
1307
1309
1309
1309
1309
1311
1311
1311
1313
1313
1313
1313
1313
1313
1313
1313
1313
1315
1314
1314
1314
1313
1314
1313
1313
1313
1313
1311
1313
1312
1314
1314
1313
1313
1313
1313
1313
1313
1313
1312
1312
1312
1312
1311
1311
1310
1309
1311
1311
1311
1311
1311
1311
1310
1310
1313
1314
1315
1315
1315
1315
1315
1315
1315
1314
1315
1315
1316
1316
1316
1316
1316
1316
1316
1314
1314
1314
1315
1315
1315
1315
1315
1315
1317
1317
1317
1316
1316
1315
1314
1317
1316
1316
1316
1317
1317
1319
1321
1320
1322
1322
1322
1321
1323
1323
1323
1323
1325
1325
1325
1325
1325
1326
1326
1325
1326
1326
1326
1326
1326
1326
1328
1327
1327
1327
1327
1327
1325
1327
1328
1327
1327
1327
1327
1327
1328
1328
1328
1326
1326
1326
1327
1326
1326
1325
1325
1325
1325
1324
1322
1322
1322
1321
1321
1322
1322
1322
1322
1322
1322
1322
1322
1323
1321
1320
1320
1319
1318
1318
1318
1320
1321
1321
1323
1323
1322
1322
1322
1322
1321
1321
1321
1320
1321
1321
1319
1320
1320
1320
1322
1322
1322
1322
1322
1321
1321
1321
1321
1321
1321
1324
1324
1324
1325
1325
1325
1324
1322
1322
1323
1323
1322
1322
1322
1322
1323
1324
1324
1324
1324
1325
1326
1326
1326
1325
1325
1323
1323
1323
1326
1327
1327
1327
1327
1327
1330
1330
1330
1330
1330
1328
1328
1327
1327
1327
1327
1327
1326
1326
1326
1326
1327
1326
1327
1330
1331
1331
1331
1331
1330
1332
1332
1332
1332
1332
1332
1331
1332
1334
1334
1336
1336
1336
1337
1338
1338
1337
1336
1337
1337
1337
1337
1337
1337
1337
1337
1337
1337
1336
1337
1339
1339
1339
1338
1338
1337
