386.15999999999747
387.5999999999975
389.0399999999976
389.7599999999976
390.47999999999763
391.19999999999766
393.35999999999757
395.5199999999976
396.9599999999976
399.1199999999976
401.27999999999753
403.43999999999755
404.1599999999976
404.8799999999976
406.3199999999976
407.03999999999763
407.7599999999976
409.1999999999976
411.3599999999976
412.0799999999976
413.51999999999754
415.6799999999975
416.3999999999975
418.55999999999744
419.2799999999975
419.99999999999744
421.4399999999975
422.15999999999747
422.8799999999975
424.31999999999755
426.4799999999975
427.9199999999975
428.63999999999754
430.0799999999975
431.5199999999975
433.6799999999974
434.3999999999974
436.55999999999744
437.2799999999975
437.99999999999744
438.71999999999747
439.43999999999744
440.15999999999747
440.8799999999975
443.03999999999746
444.4799999999975
445.1999999999975
446.6399999999974
448.0799999999974
448.7999999999974
450.9599999999974
451.67999999999745
452.3999999999975
453.83999999999753
455.27999999999753
455.9999999999975
457.4399999999975
458.15999999999747
458.87999999999744
460.31999999999744
462.47999999999735
463.1999999999974
463.9199999999974
464.63999999999737
466.7999999999974
468.9599999999974
470.3999999999974
471.8399999999975
472.5599999999975
474.7199999999974
475.43999999999744
476.15999999999747
477.5999999999975
479.0399999999976
480.4799999999976
481.1999999999976
483.35999999999757
485.5199999999976
486.95999999999765
488.3999999999977
490.55999999999773
492.7199999999977
493.8999999999977
496.0599999999977
498.2199999999976
500.37999999999755
502.5399999999975
503.2599999999975
503.97999999999746
504.69999999999743
506.85999999999746
509.0199999999975
510.45999999999754
511.89999999999753
513.0799999999975
515.2399999999976
515.9599999999975
517.3999999999976
518.8399999999976
520.2799999999976
522.4399999999977
524.5999999999977
525.3199999999977
527.4799999999977
529.6399999999977
531.0799999999977
531.7999999999977
533.9599999999976
534.6799999999977
536.1199999999976
538.2799999999977
538.9999999999977
539.7199999999976
540.4399999999977
541.8799999999976
542.5999999999976
543.3199999999977
544.0399999999977
545.4799999999977
546.6599999999978
548.8199999999978
550.9799999999979
553.1399999999978
554.5799999999978
556.0199999999978
558.1799999999978
560.3399999999978
561.0599999999978
561.7799999999978
563.9399999999979
566.0999999999977
566.8199999999978
567.5399999999978
568.9799999999977
569.6999999999978
571.1399999999978
571.8599999999979
572.5799999999978
574.7399999999978
575.4599999999979
577.3599999999977
578.0799999999978
580.2399999999977
582.3999999999978
583.1199999999978
583.8399999999979
585.2799999999979
587.439999999998
588.159999999998
588.8799999999981
590.059999999998
590.059999999998
591.4999999999981
592.9399999999981
593.6599999999981
593.6599999999981
594.8399999999982
596.9999999999983
599.1599999999984
601.3199999999982
603.4799999999983
604.1999999999983
605.6399999999983
607.0799999999983
607.7999999999984
609.2399999999984
610.6799999999984
612.1199999999984
613.5599999999985
614.7399999999985
614.2799999999985
614.9999999999986
616.4399999999987
617.8799999999986
617.8799999999986
619.3199999999986
621.4799999999987
623.1499999999986
625.3099999999987
624.8499999999987
625.5699999999987
627.0099999999987
628.4499999999988
630.1199999999988
631.7899999999987
631.7899999999987
633.2299999999988
635.3899999999988
636.8299999999988
637.3199999999989
637.3199999999989
639.4799999999989
639.4799999999989
641.639999999999
642.359999999999
643.7999999999989
644.5199999999988
646.1899999999989
647.629999999999
648.349999999999
649.789999999999
651.9499999999991
654.1099999999991
655.5499999999992
657.7099999999991
659.1499999999992
658.4299999999992
660.5899999999991
662.0299999999991
662.7499999999991
664.1899999999991
664.9099999999992
667.0699999999993
668.5099999999993
669.9499999999992
672.1099999999992
674.2699999999992
676.4299999999993
677.1499999999993
677.8699999999993
678.5899999999993
678.5899999999993
679.3099999999993
680.7499999999993
681.4699999999992
682.9099999999993
682.9099999999993
684.3499999999993
686.0199999999994
686.7399999999994
688.1799999999995
690.3399999999995
690.3399999999995
691.0599999999995
690.5999999999996
689.8799999999995
691.0599999999996
692.9599999999996
694.3999999999996
695.1199999999997
696.5599999999996
697.2799999999996
697.9999999999997
700.1599999999997
701.5999999999998
700.8799999999998
703.0399999999998
704.4799999999999
705.92
708.08
710.2400000000001
710.2400000000001
711.6800000000002
712.4000000000001
713.1200000000002
713.8400000000001
714.5600000000002
715.2800000000001
716.0000000000001
718.1600000000002
719.6000000000003
720.3200000000003
721.0400000000003
723.2000000000004
723.9200000000003
723.9200000000003
726.0800000000003
726.8000000000003
728.2400000000004
729.9100000000003
730.1400000000002
731.5800000000003
731.5800000000003
732.3000000000002
732.3000000000002
733.0200000000002
733.0200000000002
734.2000000000002
734.2000000000002
736.3600000000001
737.0800000000002
738.5200000000002
739.7000000000002
741.8600000000002
742.5800000000002
744.0200000000002
744.4800000000002
744.4800000000002
746.6400000000003
748.0800000000003
749.5200000000003
750.9600000000004
752.8600000000004
754.3000000000004
756.4600000000005
758.3600000000005
759.0800000000005
759.8000000000005
760.7500000000006
760.7500000000006
762.9100000000005
764.3500000000005
766.0200000000004
766.7400000000005
766.7400000000005
766.7400000000005
767.4600000000005
767.4600000000005
768.9000000000005
770.5700000000005
771.0600000000005
773.2200000000006
774.6600000000005
776.8200000000006
778.2600000000007
777.3100000000006
777.3100000000006
778.7500000000006
780.6500000000007
781.3700000000007
783.0400000000006
785.2000000000007
786.6400000000008
788.8000000000008
789.5200000000008
790.7000000000007
792.6000000000007
794.0400000000008
794.7600000000008
795.4800000000007
795.4800000000007
795.4800000000007
796.2000000000007
796.9200000000008
798.3600000000008
800.5200000000008
802.6800000000009
802.6800000000009
803.4000000000009
804.5800000000008
805.3000000000009
806.7400000000009
806.7400000000009
807.460000000001
808.180000000001
809.8500000000009
809.8500000000009
812.010000000001
812.730000000001
812.730000000001
813.910000000001
815.350000000001
817.510000000001
818.2300000000009
820.130000000001
821.080000000001
821.800000000001
823.700000000001
824.420000000001
824.880000000001
825.6000000000009
826.320000000001
825.6000000000009
827.040000000001
828.480000000001
828.480000000001
829.430000000001
830.150000000001
831.590000000001
830.870000000001
832.310000000001
832.310000000001
833.030000000001
834.470000000001
833.520000000001
833.520000000001
834.240000000001
835.4200000000011
837.5800000000012
838.0700000000012
838.0700000000012
838.0700000000012
840.2300000000012
840.9500000000012
843.1100000000012
842.3900000000012
843.8300000000013
845.2700000000012
846.2200000000013
848.3800000000014
848.3800000000014
849.8200000000014
850.5400000000014
851.2600000000014
853.4200000000013
853.4200000000013
855.3500000000013
856.0700000000013
856.7900000000013
858.9500000000013
859.6700000000013
860.3900000000014
860.3900000000014
860.3900000000014
861.8300000000013
862.5500000000013
864.7100000000014
864.2200000000014
864.9400000000014
867.1000000000015
866.3800000000015
867.8200000000015
869.2600000000015
869.9800000000015
872.1400000000016
875.7400000000016
875.7400000000016
877.4100000000017
876.4600000000016
877.1800000000015
878.6200000000016
880.7800000000017
882.9400000000018
882.2200000000017
881.2700000000017
883.4300000000018
883.4300000000018
883.8900000000018
886.0500000000019
886.7700000000019
888.210000000002
890.3700000000019
891.090000000002
892.530000000002
893.970000000002
894.690000000002
895.870000000002
895.870000000002
895.870000000002
896.330000000002
897.5100000000019
897.5100000000019
899.670000000002
899.670000000002
901.1100000000021
901.8300000000021
901.1100000000021
900.650000000002
904.250000000002
904.970000000002
906.4100000000019
907.590000000002
907.590000000002
908.310000000002
909.030000000002
910.210000000002
910.210000000002
911.650000000002
912.370000000002
914.5300000000021
914.5300000000021
915.9700000000021
918.130000000002
919.310000000002
920.490000000002
921.670000000002
921.670000000002
922.390000000002
924.290000000002
922.850000000002
925.010000000002
925.010000000002
927.170000000002
927.890000000002
928.350000000002
927.630000000002
928.8100000000021
930.2500000000022
931.6900000000022
933.8500000000023
933.8500000000023
933.8500000000023
935.7500000000023
935.7500000000023
935.0300000000022
934.5400000000024
935.7200000000023
936.4400000000023
936.4400000000023
936.4400000000023
937.1600000000022
937.6200000000023
939.0600000000023
940.0100000000024
941.4500000000023
942.1700000000023
943.8400000000023
946.0000000000023
946.0000000000023
947.4400000000023
948.1600000000024
948.8800000000023
949.8300000000023
950.5500000000022
951.9900000000023
952.7100000000022
950.8100000000022
951.9900000000022
953.4300000000022
954.8700000000023
955.5900000000023
954.8700000000023
956.5400000000022
957.9800000000023
958.7000000000022
959.4200000000022
956.5400000000022
956.0800000000022
956.0800000000022
956.0800000000022
956.8000000000021
958.2400000000022
958.9600000000021
959.680000000002
960.4000000000019
961.840000000002
961.840000000002
963.2800000000019
965.1800000000019
965.1800000000019
968.5200000000018
969.4700000000018
967.0800000000019
967.8000000000019
968.2600000000019
969.9300000000019
969.9300000000019
970.3900000000019
971.5700000000019
973.0100000000018
973.730000000002
975.1700000000019
977.330000000002
978.770000000002
979.490000000002
979.9500000000021
981.620000000002
981.620000000002
980.900000000002
982.800000000002
984.240000000002
984.240000000002
985.680000000002
987.120000000002
988.560000000002
989.050000000002
989.770000000002
991.4400000000021
992.160000000002
992.880000000002
994.320000000002
995.040000000002
995.5300000000021
996.4800000000021
997.2000000000021
997.9200000000021
998.380000000002
999.820000000002
1001.260000000002
1000.5400000000021
1001.2600000000022
1001.9800000000022
1002.7000000000022
1002.7000000000022
1004.8600000000022
1007.0200000000021
1008.4600000000022
1008.0000000000022
1008.7200000000022
1010.8800000000023
1012.5500000000022
1012.5500000000022
1013.2700000000023
1014.4500000000022
1014.4500000000022
1015.1700000000022
1015.1700000000022
1016.6100000000023
1016.6100000000023
1017.3300000000023
1017.8200000000023
1018.5400000000022
1018.5400000000022
1018.0800000000023
1018.0800000000023
1018.0800000000023
1019.9800000000023
1020.7000000000024
1020.7000000000024
1019.9800000000025
1021.1600000000025
1021.1600000000025
1020.7000000000025
1020.2100000000025
1020.9300000000025
1021.6500000000024
1021.6500000000024
1021.6500000000024
1023.3200000000023
1025.4800000000023
1028.3600000000024
1029.8000000000022
1031.470000000002
1032.190000000002
1031.730000000002
1031.730000000002
1033.1700000000021
1034.610000000002
1034.610000000002
1035.3300000000017
1036.5100000000018
1037.9500000000019
1038.670000000002
1040.830000000002
1040.370000000002
1040.370000000002
1040.370000000002
1041.810000000002
1043.9700000000018
1045.870000000002
1047.7700000000018
1049.4400000000019
1050.160000000002
1051.830000000002
1053.9900000000018
1054.9400000000019
1056.840000000002
1056.350000000002
1059.6900000000019
1061.130000000002
1061.130000000002
1061.850000000002
1062.570000000002
1062.570000000002
1064.7300000000018
1065.1900000000019
1064.7000000000019
1064.7000000000019
1064.7000000000019
1064.2100000000019
1064.9300000000019
1064.9300000000019
1066.370000000002
1068.530000000002
1068.9900000000018
1070.890000000002
1070.4300000000019
1070.4300000000019
1071.610000000002
1072.7900000000018
1072.7900000000018
1074.2300000000016
1074.2300000000016
1075.670000000002
1076.3900000000017
1075.4400000000016
1073.7700000000016
1074.7200000000014
1075.4400000000016
1075.4400000000016
1075.4400000000016
1076.8800000000017
1076.8800000000017
1078.7800000000016
1078.7800000000016
1078.7800000000016
1080.2200000000016
1081.1700000000017
1082.8400000000017
1085.0000000000018
1084.5400000000018
1086.7000000000019
1087.8800000000017
1089.320000000002
1090.040000000002
1091.2200000000018
1092.890000000002
1094.560000000002
1094.560000000002
1095.2800000000018
1096.7200000000018
1096.7200000000018
1096.7200000000018
1096.0000000000018
1096.7200000000016
1096.7200000000016
1098.1600000000017
1099.3400000000017
1100.7800000000018
1102.6800000000017
1104.1200000000017
1105.5600000000018
1107.2300000000018
1107.2300000000018
1107.2300000000018
1107.2300000000018
1107.9500000000016
1108.6700000000014
1109.1300000000015
1109.8500000000015
1109.8500000000015
1112.7300000000016
1114.1700000000017
1114.8900000000017
1116.3300000000015
1116.3300000000015
1117.7700000000016
1118.9500000000016
1118.9500000000016
1118.9500000000016
1119.6700000000014
1119.6700000000014
1121.1100000000015
1123.2700000000016
1124.2200000000014
1124.2200000000014
1124.9400000000016
1124.9400000000016
1124.9400000000016
1125.4000000000015
1125.8900000000015
1125.4300000000014
1125.4300000000014
1125.4300000000014
1124.7100000000014
1126.1500000000015
1126.1500000000015
1128.0500000000013
1126.1500000000015
1126.1500000000015
1125.6900000000014
1126.6400000000015
1127.3600000000015
1127.3600000000015
1126.9000000000017
1131.2200000000018
1133.380000000002
1134.560000000002
1134.560000000002
1137.1800000000017
1140.0600000000018
1142.2200000000018
1145.100000000002
1145.100000000002
1145.100000000002
1145.8200000000018
1145.3600000000017
1145.3600000000017
1146.0800000000017
1146.0800000000017
1145.6200000000017
1146.3400000000017
1147.0600000000018
1147.0600000000018
1147.5200000000018
1148.2400000000018
1148.7000000000019
1148.2400000000018
1148.9600000000019
1148.9600000000019
1148.0100000000018
1148.7300000000016
1148.7300000000016
1150.1700000000017
1152.3300000000017
1152.3300000000017
1153.7700000000018
1153.2800000000018
1153.2800000000018
1153.2800000000018
1153.7400000000018
1154.6900000000016
1156.3600000000017
1156.3600000000017
1156.3600000000017
1157.8000000000018
1157.8000000000018
1158.5200000000018
1159.2400000000018
1159.7000000000016
1160.1600000000014
1161.8300000000015
1162.5500000000015
1162.0900000000015
1162.8100000000013
1162.8100000000013
1163.9900000000011
1163.9900000000011
1166.1500000000012
1167.5900000000013
1169.0300000000013
1169.7500000000011
1169.7500000000011
1169.7500000000011
1169.7500000000011
1169.7500000000011
1170.4700000000012
1170.9600000000012
1170.9600000000012
1171.6800000000012
1172.4000000000012
1172.4000000000012
1174.0700000000013
1175.7400000000014
1177.1800000000014
1177.1800000000014
1177.6400000000015
1177.3800000000015
1177.3800000000015
1177.3800000000015
1177.3800000000015
1178.5600000000015
1178.5600000000015
1180.0000000000014
1180.0000000000014
1181.6700000000014
1181.6700000000014
1182.3900000000015
1183.8300000000015
1181.4400000000014
1181.4400000000014
1181.4400000000014
1181.4400000000014
1182.8800000000017
1184.7800000000016
1186.4500000000016
1186.4500000000016
1186.4500000000016
1185.9600000000016
1186.6800000000017
1187.4000000000017
1187.4000000000017
1188.5800000000015
1188.5800000000015
1190.0200000000016
1191.4600000000014
1192.1800000000014
1192.9000000000015
1192.9000000000015
1192.9000000000015
1192.9000000000015
1192.1800000000014
1192.1800000000014
1193.6200000000015
1194.3400000000015
1195.0600000000015
1196.9600000000014
1198.4000000000015
1199.1200000000015
1198.1700000000014
1199.8400000000015
1201.7400000000014
1203.6400000000015
1205.8000000000013
1207.7000000000012
1207.2400000000014
1208.1900000000012
1207.7300000000012
1207.7300000000012
1209.8900000000012
1211.560000000001
1213.0000000000011
1213.4600000000012
1214.9000000000012
1216.340000000001
1216.340000000001
1217.060000000001
1217.060000000001
1217.060000000001
1216.340000000001
1217.060000000001
1217.5200000000011
1218.7000000000012
1219.420000000001
1216.800000000001
1216.800000000001
1218.9600000000012
1219.910000000001
1219.910000000001
1219.910000000001
1219.910000000001
1220.6300000000008
1220.6300000000008
1221.3500000000008
1221.3500000000008
1223.0200000000007
1224.4600000000007
1225.6400000000006
1227.3100000000006
1227.7700000000007
1227.7700000000007
1228.9500000000007
1229.4400000000007
1230.1600000000008
1230.1600000000008
1228.4600000000005
1228.4600000000005
1228.0000000000005
1228.7200000000005
1230.8800000000006
1230.8800000000006
1230.8800000000006
1229.9300000000005
1229.2100000000005
1229.2100000000005
1230.6500000000005
1230.6500000000005
1230.6500000000005
1230.6500000000005
1230.6500000000005
1230.6500000000005
1231.8300000000006
1231.8300000000006
1231.8300000000006
1231.8300000000006
1231.8300000000006
1232.3200000000006
1232.3200000000006
1233.5000000000007
1233.5000000000007
1233.5000000000007
1233.5000000000007
1233.0400000000006
1233.0400000000006
1233.0400000000006
1233.5000000000007
1235.4000000000005
1234.9400000000005
1235.6600000000005
1236.3800000000006
1236.3800000000006
1237.1000000000006
1237.1000000000006
1237.8200000000006
1239.0000000000007
1239.0000000000007
1239.0000000000007
1239.7200000000007
1241.6200000000008
1243.2900000000006
1242.8300000000008
1243.8100000000009
1244.990000000001
1244.990000000001
1246.6600000000008
1248.3300000000008
1248.3300000000008
1247.6100000000008
1248.7900000000009
1250.9500000000007
1250.9500000000007
1250.9500000000007
1250.9500000000007
1250.9500000000007
1251.440000000001
1252.160000000001
1252.160000000001
1252.880000000001
1254.320000000001
1253.860000000001
1253.860000000001
1254.810000000001
1256.710000000001
1258.870000000001
1258.870000000001
1260.3100000000009
1261.7500000000007
1259.1300000000008
1258.180000000001
1258.900000000001
1258.900000000001
1258.410000000001
1260.080000000001
1259.620000000001
1260.340000000001
1259.8800000000012
1260.600000000001
1260.110000000001
1261.7800000000009
1261.7800000000009
1261.7800000000009
1262.730000000001
1262.730000000001
1262.730000000001
1264.1700000000012
1264.1700000000012
1264.1700000000012
1264.8900000000012
1265.6100000000013
1264.8900000000012
1265.8400000000013
1265.8400000000013
1265.8400000000013
1266.5600000000013
1266.5600000000013
1266.1000000000013
1265.6400000000012
1266.100000000001
1266.560000000001
1265.610000000001
1266.330000000001
1266.330000000001
1265.610000000001
1265.1500000000012
1265.1500000000012
1266.1000000000013
1266.5900000000013
1268.7500000000014
1267.5700000000013
1268.030000000001
1269.4700000000012
1269.0100000000011
1269.9600000000014
1269.9600000000014
1270.6800000000014
1270.6800000000014
1270.2200000000014
1270.2200000000014
1269.0400000000013
1268.3200000000013
1268.3200000000013
1267.8600000000013
1269.040000000001
1269.040000000001
1269.040000000001
1269.040000000001
1269.040000000001
1269.7600000000011
1270.4800000000012
1270.4800000000012
1270.0200000000011
1270.0200000000011
1270.0200000000011
1270.4800000000012
1269.2700000000011
1269.2700000000011
1268.780000000001
1268.780000000001
1268.780000000001
1269.2700000000011
1269.2700000000011
1269.2700000000011
1269.2700000000011
1269.2700000000011
1269.730000000001
1269.730000000001
1270.1900000000012
1270.1900000000012
1270.6500000000012
1270.1600000000012
1270.1600000000012
1269.700000000001
1268.750000000001
1268.260000000001
1267.770000000001
1266.3300000000008
1266.3300000000008
1266.3300000000008
1266.7900000000009
1266.7900000000009
1266.7900000000009
1267.510000000001
1267.510000000001
1267.020000000001
1267.020000000001
1267.020000000001
1267.020000000001
1267.020000000001
1266.5600000000009
1263.2200000000007
1263.2200000000007
1264.6600000000008
1264.1700000000008
1264.890000000001
1265.8400000000008
1267.2800000000007
1267.7400000000007
1267.7400000000007
1267.7400000000007
1269.1800000000007
1269.1800000000007
1269.1800000000007
1268.460000000001
1268.460000000001
1268.920000000001
1268.920000000001
1268.920000000001
1268.920000000001
1268.920000000001
1268.920000000001
1270.1000000000008
1271.050000000001
1272.720000000001
1274.390000000001
1274.390000000001
1275.110000000001
1275.110000000001
1275.110000000001
1275.570000000001
1275.570000000001
1277.470000000001
1277.470000000001
1278.910000000001
1278.1900000000012
1277.7000000000012
1277.7000000000012
1277.7000000000012
1279.1400000000012
1279.1400000000012
1279.6000000000013
1279.6000000000013
1279.6000000000013
1279.6000000000013
1278.6500000000015
1278.6500000000015
1278.6500000000015
1277.9300000000014
1275.7700000000013
1277.4400000000012
1277.4400000000012
1277.4400000000012
1278.880000000001
1279.600000000001
1279.600000000001
1279.110000000001
1277.9300000000012
1277.9300000000012
1276.7500000000011
1276.7500000000011
1276.7500000000011
1276.7500000000011
1276.290000000001
1277.0100000000011
1277.0100000000011
1276.550000000001
1274.3900000000012
1274.8800000000012
1275.830000000001
1277.270000000001
1277.270000000001
1277.010000000001
1277.010000000001
1277.010000000001
1277.9600000000007
1277.010000000001
1277.010000000001
1278.190000000001
1277.700000000001
1279.600000000001
1279.600000000001
1281.500000000001
1281.500000000001
1282.680000000001
1282.680000000001
1282.220000000001
1282.940000000001
1285.1000000000008
1285.1000000000008
1284.6400000000008
1284.6400000000008
1285.3600000000008
1285.3600000000008
1285.3600000000008
1284.8700000000008
1286.3100000000009
1287.0300000000007
1286.5700000000006
1286.5700000000006
1286.5700000000006
1286.5700000000006
1286.5700000000006
1285.8500000000006
1285.8500000000006
1285.8500000000006
1285.3900000000008
1285.3900000000008
1286.8300000000008
1286.370000000001
1286.370000000001
1286.370000000001
1286.860000000001
1287.3500000000008
1287.3500000000008
1287.3500000000008
1287.3500000000008
1287.810000000001
1287.3500000000013
1288.7900000000013
1288.300000000001
1287.840000000001
1287.350000000001
1287.350000000001
1286.860000000001
1286.860000000001
1286.860000000001
1286.370000000001
1285.420000000001
1287.090000000001
1287.090000000001
1286.140000000001
1286.140000000001
1286.140000000001
1285.650000000001
1285.650000000001
1284.700000000001
1284.700000000001
1284.700000000001
1284.700000000001
1284.700000000001
1285.420000000001
1285.420000000001
1285.420000000001
1284.470000000001
1284.470000000001
1286.140000000001
1286.140000000001
1286.140000000001
1286.140000000001
1286.140000000001
1286.140000000001
1286.140000000001
1286.860000000001
1285.680000000001
1287.5800000000008
1287.0900000000008
1287.0900000000008
1287.0900000000008
1287.0900000000008
1288.270000000001
1288.270000000001
1288.990000000001
1289.480000000001
1289.020000000001
1289.510000000001
1290.230000000001
1290.230000000001
1291.900000000001
1290.720000000001
1290.720000000001
1290.000000000001
1291.1800000000007
1292.8500000000006
1292.8500000000006
1294.5200000000007
1293.3100000000006
1294.7500000000007
1297.6300000000008
1297.6300000000008
1297.6300000000008
1297.1700000000008
1298.1200000000008
1298.1200000000008
1298.1200000000008
1299.7900000000009
1300.740000000001
1302.180000000001
1302.180000000001
1302.180000000001
1301.720000000001
1299.8200000000006
1299.8200000000006
1301.260000000001
1301.260000000001
1301.260000000001
1301.260000000001
1301.260000000001
1301.260000000001
1301.7200000000007
1301.7200000000007
1301.2300000000007
1301.2300000000007
1301.7200000000007
1302.2100000000007
1301.7500000000007
1301.0300000000007
1301.0300000000007
1301.0300000000007
1301.0300000000007
1301.0300000000007
1301.0300000000007
1301.5200000000007
1302.9600000000007
1301.5200000000007
1302.9600000000007
1304.4000000000008
1304.4000000000008
1303.9400000000007
1303.9400000000007
1305.6100000000008
1305.1200000000008
1306.3000000000006
1305.5800000000006
1306.5300000000007
1306.5300000000007
1306.0700000000006
1306.0700000000006
1307.0200000000007
1307.0200000000007
1307.5100000000007
1307.5100000000007
1308.9500000000007
1308.9500000000007
1308.4900000000007
1309.9300000000005
1309.9300000000005
1309.9300000000005
1309.9300000000005
1308.9800000000007
1308.5200000000007
1310.1900000000007
1311.1400000000006
1312.8100000000004
1312.8100000000004
1312.8100000000004
1312.8100000000004
1313.7600000000004
1315.6600000000003
1315.6600000000003
1313.5000000000002
1311.6000000000004
1311.6000000000004
1311.6000000000004
1313.2700000000002
1313.2700000000002
1313.9900000000002
1313.9900000000002
1313.9900000000002
1314.4800000000002
1314.0200000000002
1315.7200000000003
1317.16
1317.65
1319.32
1320.04
1320.04
1320.76
1320.76
1320.76
1320.76
1321.22
1321.22
1321.22
1321.22
1321.22
1321.22
1321.68
1321.68
1322.3999999999999
1322.86
1322.86
1322.86
1322.86
1324.53
1324.53
1324.53
1324.53
1324.53
1324.53
1324.53
1324.07
1324.07
1323.35
1323.35
1322.8899999999999
1322.8899999999999
1323.61
1323.61
1323.61
1323.12
1323.12
1323.12
1323.12
1324.56
1324.56
1325.51
1326.0
1326.0
1326.9499999999998
1326.9499999999998
1326.9499999999998
1326.9499999999998
1330.06
1330.06
1330.06
1331.01
1331.01
1331.01
1331.01
1331.01
1331.01
1331.01
1331.01
1331.01
1332.1899999999998
1331.7299999999998
1331.7299999999998
1331.7299999999998
1331.2699999999998
1331.7299999999998
1331.27
1331.27
1331.27
1331.27
1330.78
1331.7299999999998
1330.5199999999998
1331.4699999999996
1331.4699999999996
1328.8499999999997
1328.8499999999997
1328.8499999999997
1328.8499999999997
1328.8499999999997
1328.8499999999997
1328.8499999999997
1328.3899999999996
1328.3899999999996
1328.3899999999996
1328.3899999999996
1327.9299999999996
1327.9299999999996
1327.4699999999996
1326.9799999999996
1328.4199999999996
1328.4199999999996
1328.4199999999996
1327.2399999999998
1327.2399999999998
1327.2399999999998
1326.7799999999997
1326.7799999999997
1328.4499999999998
1328.9099999999999
1327.4699999999998
1327.4699999999998
1327.4699999999998
1327.4699999999998
1327.4699999999998
1327.4699999999998
1327.4699999999998
1326.9799999999998
1327.6999999999996
1327.6999999999996
1328.4199999999996
1328.4199999999996
1328.4199999999996
1327.6999999999996
1327.6999999999996
1327.6999999999996
1327.6999999999996
1326.7499999999998
1326.7499999999998
1326.7499999999998
1327.4699999999996
1327.4699999999996
1327.4699999999996
1327.4699999999996
1327.4699999999996
1327.4699999999996
1328.4199999999994
1328.4199999999994
1328.4199999999994
1327.9599999999994
1327.9599999999994
1327.4699999999993
1327.0099999999995
1328.9099999999994
1328.4199999999994
1328.4199999999994
1328.4199999999994
1329.1399999999994
1329.1399999999994
1330.0899999999992
1331.5299999999993
1331.0699999999993
1332.249999999999
1332.249999999999
1332.249999999999
1331.789999999999
1332.739999999999
1332.739999999999
1332.739999999999
1332.739999999999
1333.6899999999991
1333.6899999999991
1333.6899999999991
1333.6899999999991
1333.6899999999991
1334.409999999999
1334.409999999999
1333.919999999999
1334.639999999999
1334.639999999999
1334.639999999999
1334.639999999999
1334.639999999999
1334.639999999999
1335.819999999999
1335.819999999999
1335.819999999999
1335.819999999999
1335.819999999999
1335.819999999999
1334.8699999999992
1335.8199999999993
1336.3099999999993
1335.8199999999993
1335.8199999999993
1335.8199999999993
1335.8199999999993
1335.8199999999993
1336.5399999999993
1336.5399999999993
1336.5399999999993
1335.5899999999992
1335.5899999999992
1335.5899999999992
1336.0499999999993
1335.3299999999995
1335.3299999999995
1334.8399999999995
1334.8399999999995
1334.8399999999995
1334.8399999999995
1334.3799999999997
1333.1999999999996
1333.1999999999996
1333.1999999999996
1332.4799999999996
1332.4799999999996
1332.9699999999996
1332.9699999999996
1332.9699999999996
1332.9699999999996
1332.9699999999996
1332.9699999999996
1332.9699999999996
1332.9699999999996
1333.6899999999996
1332.7399999999996
1332.2799999999995
1332.2799999999995
1330.1499999999996
1329.6899999999996
1329.6899999999996
1329.6899999999996
1330.6399999999994
1331.3599999999992
1331.3599999999992
1330.1499999999992
1330.1499999999992
1329.6899999999991
1329.6899999999991
1329.6899999999991
1329.6899999999991
1327.3299999999992
1327.3299999999992
1327.3299999999992
1326.8699999999992
1327.3599999999992
1327.3599999999992
1326.4099999999994
1327.1299999999994
1327.1299999999994
1327.1299999999994
1328.0799999999995
1328.0799999999995
1328.0799999999995
1328.0799999999995
1328.0799999999995
1327.5899999999995
1327.5899999999995
1327.5899999999995
1326.1499999999994
1326.1499999999994
1326.1499999999994
1327.8199999999993
1327.8199999999993
1327.8199999999993
1328.2799999999993
1328.2799999999993
1328.2799999999993
1327.8199999999995
1326.8699999999994
1326.8699999999994
1327.3299999999992
1327.3299999999992
1326.8699999999994
1326.8699999999994
1326.8699999999994
1326.8699999999994
1327.3299999999992
1328.0499999999993
1328.0499999999993
1328.0499999999993
1328.0499999999993
1328.5099999999993
1329.229999999999
1329.229999999999
1329.229999999999
1328.509999999999
1328.509999999999
1328.019999999999
1328.019999999999
1328.019999999999
1329.6899999999991
1330.1499999999992
1330.1499999999992
1330.1499999999992
1330.1499999999992
1330.1499999999992
1331.819999999999
1331.819999999999
1331.819999999999
1331.819999999999
1331.819999999999
1330.1499999999992
1330.1499999999992
1329.6899999999994
1329.6899999999994
1329.6899999999994
1329.6899999999994
1329.6899999999994
1329.2299999999993
1329.2299999999993
1329.2299999999993
1329.2299999999993
1329.9499999999994
1329.4599999999994
1329.9199999999994
1331.8199999999993
1332.3099999999993
1332.3099999999993
1332.3099999999993
1332.3099999999993
1331.8199999999993
1332.7699999999995
1332.7699999999995
1332.7699999999995
1332.7699999999995
1332.7699999999995
1332.7699999999995
1332.3099999999993
1332.7699999999995
1333.7199999999996
1333.7199999999996
1334.8999999999994
1334.8999999999994
1334.8999999999994
1335.3899999999994
1336.1099999999994
1336.1099999999994
1335.6499999999994
1335.1599999999994
1335.6199999999994
1335.6199999999994
1335.6199999999994
1335.6199999999994
1335.6199999999994
1335.6199999999994
1335.6199999999994
1335.6199999999994
1335.6199999999994
1334.1799999999996
1333.6899999999996
1334.1499999999994
1335.5899999999995
1335.5899999999995
1335.5899999999995
1335.0999999999995
1335.0999999999995
1334.6099999999994
