1
2
5
6
8
9
11
14
17
18
21
23
25
28
30
31
33
36
38
40
42
45
46
47
50
52
53
55
56
58
59
62
63
66
67
70
72
73
75
78
79
81
82
84
86
89
91
92
93
94
96
98
101
103
102
104
107
108
111
113
113
115
118
119
121
122
125
128
130
132
135
136
138
139
139
140
143
142
144
146
148
151
153
155
157
159
160
163
164
166
168
169
172
175
178
181
182
184
187
188
190
192
195
197
200
202
203
205
208
209
212
214
217
219
221
222
225
227
228
230
233
236
239
241
243
246
247
248
249
249
249
252
253
253
255
257
259
261
261
264
265
267
268
269
272
275
278
280
283
284
286
287
288
290
291
292
294
296
298
299
301
303
302
305
308
309
312
315
317
319
322
323
325
326
329
331
332
333
335
338
341
343
346
349
351
353
356
355
356
358
361
362
363
364
365
365
366
367
369
371
373
376
377
377
378
379
382
384
386
389
390
389
390
393
394
396
397
400
401
403
404
404
406
408
410
413
416
418
420
420
422
422
423
423
422
423
425
427
428
428
428
429
429
432
433
435
438
439
440
443
446
449
450
453
455
456
457
459
460
459
462
463
466
468
471
473
474
475
478
480
481
482
484
487
488
489
492
494
497
498
501
502
503
506
508
509
509
510
512
515
516
518
519
522
525
526
528
528
531
534
534
536
539
540
542
544
544
545
546
549
551
551
552
553
554
557
558
559
562
564
566
569
572
575
576
577
579
580
583
583
586
588
591
594
597
600
603
605
606
607
609
611
612
612
612
612
612
615
616
619
622
622
623
626
629
629
629
630
633
636
637
638
638
639
642
643
646
647
650
652
654
657
658
659
662
665
666
668
671
673
676
676
677
678
679
682
684
685
687
689
692
694
696
698
701
701
703
704
705
707
709
710
712
712
713
712
711
713
716
718
718
719
719
722
725
726
727
730
730
731
731
732
733
736
738
738
740
742
745
745
748
750
752
753
755
756
756
757
757
758
755
757
758
761
764
766
767
768
769
772
771
773
774
776
775
777
779
779
781
781
782
785
787
788
790
791
793
795
796
797
797
800
801
802
802
802
802
802
803
801
802
803
805
805
806
807
808
809
812
813
816
819
821
823
824
824
823
824
826
826
829
830
831
831
833
833
832
835
837
838
839
842
844
847
848
850
851
852
852
853
856
858
859
861
861
864
865
866
868
870
870
871
871
872
873
875
878
880
881
884
887
889
892
894
897
899
901
904
906
909
909
909
910
911
912
915
915
915
916
919
922
924
924
927
929
930
930
930
930
932
932
932
932
934
934
937
938
939
941
942
944
945
946
948
950
950
951
954
957
957
958
959
960
963
965
967
968
971
972
973
976
974
975
976
977
979
980
981
983
985
988
989
990
991
992
993
994
997
998
1001
1004
1006
1007
1010
1010
1012
1015
1017
1020
1022
1025
1026
1027
1028
1028
1031
1030
1031
1033
1035
1036
1037
1036
1038
1040
1041
1042
1045
1046
1049
1049
1049
1050
1051
1051
1051
1052
1054
1056
1058
1060
1059
1059
1062
1062
1065
1067
1068
1068
1071
1071
1072
1074
1075
1076
1076
1076
1077
1078
1079
1080
1081
1082
1083
1083
1086
1087
1088
1088
1087
1088
1089
1091
1093
1092
1094
1094
1095
1097
1097
1099
1101
1101
1101
1104
1103
1104
1104
1105
1105
1105
1106
1105
1104
1106
1107
1109
1110
1110
1112
1113
1113
1114
1114
1115
1116
1119
1121
1123
1125
1127
1130
1132
1133
1135
1134
1134
1134
1137
1137
1137
1137
1138
1141
1142
1142
1142
1143
1143
1145
1148
1148
1149
1150
1153
1155
1158
1158
1160
1160
1160
1160
1162
1163
1165
1168
1171
1173
1173
1175
1176
1179
1180
1180
1183
1183
1185
1185
1184
1184
1185
1187
1190
1192
1191
1194
1196
1198
1198
1199
1199
1202
1203
1205
1208
1208
1207
1209
1209
1210
1211
1212
1214
1215
1217
1217
1219
1219
1221
1222
1224
1224
1227
1228
1231
1232
1235
1238
1241
1243
1243
1246
1248
1248
1249
1252
1252
1253
1252
1252
1252
1254
1253
1256
1255
1255
1257
1258
1260
1261
1262
1262
1262
1263
1264
1260
1261
1261
1262
1262
1263
1263
1265
1267
1267
1269
1272
1275
1278
1280
1282
1281
1282
1283
1281
1283
1282
1284
1287
1287
1288
1290
1292
1292
1292
1293
1293
1296
1297
1300
1301
1301
1302
1303
1303
1303
1303
1303
1304
1305
1307
1308
1309
1309
1309
1307
1308
1311
1312
1314
1315
1317
1316
1317
1320
1321
1321
1323
1323
1325
1325
1325
1328
1331
1332
1334
1337
1337
1338
1341
1342
1343
1343
1344
1343
1345
1347
1348
1348
1348
1349
1349
1349
1349
1349
1345
1348
1350
1350
1352
1351
1351
1354
1354
1352
1353
1356
1358
1361
1362
1363
1366
1367
1367
1367
1369
1370
1371
1374
1377
1377
1377
1379
1381
1382
1382
1383
1384
1384
1384
1384
1387
1389
1389
1389
1392
1392
1392
1392
1392
1393
1394
1392
1392
1392
1394
1394
1394
1391
1391
1393
1392
1392
1394
1396
1398
1398
1398
1399
1399
1401
1402
1403
1404
1404
1404
1406
1409
1409
1410
1410
1410
1411
1412
1412
1414
1416
1416
1416
1419
1418
1420
1421
1421
1422
1423
1424
1424
1425
1423
1426
1426
1426
1427
1427
1428
1428
1428
1429
1431
1433
1436
1436
1436
1438
1440
1441
1442
1443
1443
1443
1442
1445
1446
1448
1448
1451
1452
1454
1454
1457
1458
1461
1463
1463
1463
1464
1464
1464
1464
1466
1466
1466
1466
1467
1468
1470
1472
1472
1473
1474
1474
1474
1474
1476
1475
1476
1477
1476
1476
1476
1475
1475
1477
1477
1477
1477
1477
1478
1478
1479
1482
1484
1484
1485
1486
1488
1488
1491
1493
1492
1493
1493
1493
1493
1494
1494
1495
1496
1496
1496
1497
1498
1499
1499
1499
1499
1499
1500
1500
1503
1503
1504
1504
1504
1505
1508
1510
1511
1512
1514
1514
1513
1515
1514
1514
1517
1519
1520
1520
1521
1521
1521
1521
1521
1522
1524
1523
1526
1526
1525
1525
1525
1524
1525
1525
1527
1527
1529
1529
1527
1529
1530
1530
1530
1530
1530
1530
1530
1530
1531
1533
1533
1535
1536
1539
1542
1545
1545
1545
1545
1545
1545
1545
1545
1545
1547
1548
1546
1546
1546
1546
1547
1549
1549
1549
1549
1550
1550
1550
1553
1553
1554
1555
1555
1556
1556
1557
1558
1558
1561
1563
1563
1564
1562
1565
1566
1569
1570
1570
1571
1572
1572
1572
1574
1575
1577
1580
1582
1583
1583
1584
1584
1584
1584
1584
1584
1585
1585
1584
1584
1582
1584
1585
1585
1586
1586
1588
1588
1588
1588
1588
1590
1590
1591
1591
1590
1591
1590
1584
1584
1584
1585
1586
1585
1585
1585
1585
1585
1585
1586
1587
1589
1590
1591
1593
1593
1593
1593
1593
1595
1595
1598
1598
1597
1597
1597
1597
1597
1599
1601
1601
1601
1601
1602
1603
1603
1605
1605
1605
1606
1607
1609
1609
1610
1611
1611
1611
1613
1614
1615
1616
1616
1616
1618
1620
1620
1621
1621
1622
1622
1623
1624
1624
1625
1626
1627
1627
1626
1629
1631
1634
1635
1634
1631
1633
1634
1635
1635
1632
1632
1631
1631
1631
1631
1631
1632
1633
1633
1633
1633
1635
1636
1637
1638
1638
1637
1637
1638
1639
1640
1640
1640
1642
1642
1643
1643
1643
1644
1642
1644
1645
1645
1645
1645
1646
1646
1646
1648
1647
1648
1649
1650
1651
1653
1654
1654
1656
1656
1656
1657
1658
1660
1660
1662
1662
1658
1657
1659
1660
1660
1660
1660
1662
1662
1663
1666
1665
1664
1665
1666
1666
1666
1669
1671
1673
1674
1674
1676
1674
1675
1675
1675
1675
1675
1676
1679
1680
1679
1681
1683
1685
1687
1687
1687
1688
1689
1690
1690
1692
1692
1694
1694
1694
1694
1695
1695
1695
1695
1697
1699
1700
1700
1702
1703
1704
1706
1707
1706
1706
1707
1710
1711
1711
1711
1711
1711
1712
1713
1713
1710
1710
1710
1710
1710
1710
1712
1712
1714
1714
1714
1717
1717
1720
1718
1718
1720
1722
1723
1724
1724
1725
1728
1728
1730
1730
1733
1733
1733
1733
1734
1734
1734
1734
1734
1734
1735
1735
1734
1734
1734
1734
1734
1735
1736
1736
1739
1739
1739
1739
1741
1741
1741
1743
1744
1744
1746
1748
1748
1749
1751
1751
1751
1748
1749
1750
1753
1752
1752
1754
1755
1758
1759
1759
1759
1761
1762
1763
1763
1765
1765
1764
1764
1765
1765
1765
1766
1763
1763
1763
1763
1764
1765
1765
1765
1765
1765
1765
1766
1766
1766
1766
1766
1766
1768
1770
1769
1769
1770
1770
1770
1773
1773
1772
1772
1773
1773
1773
1773
1773
1774
1774
1774
1775
1776
1776
1776
1777
1777
1778
1778
1778
1778
1780
1780
1782
1782
1782
1782
1784
1784
1784
1785
1786
1786
1786
1788
1788
1788
1788
1789
1791
1791
1791
1791
1792
1794
1793
1792
1792
1790
1790
1791
1794
1794
1796
1795
1795
1795
1797
1797
1797
1799
1799
1802
1803
1803
1804
1805
1805
1806
1806
1808
1808
1809
1810
1810
1812
1814
1812
1812
1812
1812
1812
1809
1810
1810
1813
1815
1815
1815
