385.43999999999744
386.15999999999747
388.31999999999744
390.47999999999735
391.1999999999974
392.63999999999737
394.7999999999973
396.2399999999973
396.95999999999725
399.1199999999973
400.55999999999733
401.99999999999727
404.1599999999973
406.3199999999973
407.03999999999735
407.7599999999974
408.4799999999974
409.19999999999743
410.63999999999737
411.3599999999974
412.79999999999745
414.9599999999975
415.67999999999745
416.3999999999975
417.11999999999745
418.55999999999744
419.9999999999974
421.4399999999974
422.1599999999974
423.59999999999746
425.7599999999974
427.91999999999734
428.63999999999737
430.79999999999734
432.95999999999736
433.6799999999974
434.3999999999974
435.83999999999736
437.9999999999973
438.71999999999736
440.8799999999973
443.03999999999724
443.75999999999726
445.9199999999973
448.0799999999973
449.51999999999737
450.2399999999974
451.6799999999974
453.1199999999974
454.55999999999744
455.2799999999974
457.43999999999744
459.5999999999974
460.31999999999744
461.7599999999975
462.47999999999746
463.19999999999743
465.35999999999746
467.5199999999975
468.23999999999745
468.9599999999975
471.11999999999745
472.55999999999744
474.71999999999747
475.43999999999744
477.59999999999746
478.3199999999975
480.4799999999975
482.63999999999754
483.3599999999975
485.51999999999754
487.67999999999756
489.1199999999976
491.27999999999764
492.7199999999977
494.8799999999977
497.03999999999775
497.7599999999977
499.1999999999978
501.3599999999978
503.51999999999776
505.6799999999978
507.8399999999977
508.55999999999773
509.9999999999977
510.7199999999977
512.1599999999977
514.3199999999977
515.0399999999977
516.2199999999978
518.3799999999977
520.5399999999978
522.6999999999978
523.4199999999978
524.8599999999979
527.0199999999979
528.1999999999979
528.9199999999978
529.6399999999978
530.3599999999979
531.079999999998
533.239999999998
533.959999999998
535.3999999999979
536.1199999999978
538.2799999999979
539.719999999998
540.439999999998
542.599999999998
544.759999999998
546.919999999998
548.359999999998
549.5399999999979
551.6999999999979
552.4199999999979
554.089999999998
556.2499999999981
556.9699999999981
557.6899999999981
559.8499999999981
562.729999999998
563.449999999998
565.6099999999981
567.0499999999981
569.2099999999981
571.3699999999982
572.8099999999981
574.2499999999982
576.409999999998
577.8499999999981
579.2899999999981
580.0099999999982
582.1699999999981
583.6099999999982
583.6099999999982
586.4899999999982
588.6499999999982
590.8099999999982
591.5299999999983
592.2499999999983
594.4099999999983
596.5699999999983
598.7299999999983
600.1699999999984
600.8899999999984
602.3299999999983
602.3299999999983
603.0499999999984
605.2099999999984
605.9299999999985
606.6499999999984
608.0899999999984
610.2499999999984
611.6899999999985
613.1299999999985
613.1299999999985
614.5699999999986
614.5699999999986
615.2899999999986
616.7299999999987
618.6299999999986
618.6299999999986
620.7899999999987
621.5099999999986
622.2299999999987
622.9499999999987
624.1299999999986
623.6399999999986
623.6399999999986
625.0799999999987
626.5199999999986
627.2399999999986
628.6799999999987
628.6799999999987
629.8599999999988
630.5799999999988
632.0199999999988
632.7399999999989
633.4599999999989
633.9199999999988
634.6399999999988
635.8199999999988
636.5399999999988
638.2099999999989
639.649999999999
641.8099999999989
643.249999999999
643.969999999999
643.969999999999
644.689999999999
646.129999999999
646.849999999999
649.0099999999991
650.9099999999992
652.3499999999992
653.0699999999993
653.7899999999993
655.2299999999992
655.9499999999992
656.6699999999993
658.8299999999992
660.2699999999993
660.2699999999993
660.2699999999993
661.9399999999993
662.6599999999992
663.3799999999992
664.8199999999993
666.9799999999992
665.7999999999993
666.5199999999993
667.2399999999993
668.6799999999993
670.1199999999994
670.8399999999995
672.5099999999994
673.2299999999994
674.6699999999994
676.8299999999995
676.8299999999995
677.5499999999995
676.1099999999994
677.5499999999995
678.9899999999996
681.1499999999995
681.8699999999995
683.3099999999995
685.4699999999996
685.4699999999996
686.1899999999996
685.4699999999996
687.3699999999995
688.0899999999996
689.5299999999996
691.4299999999997
693.5899999999997
693.5899999999997
695.0299999999997
695.7499999999998
696.4699999999998
697.9099999999999
699.3499999999998
700.0699999999998
702.2299999999998
702.9499999999997
704.3899999999998
705.1099999999998
707.2699999999998
708.7099999999998
710.1499999999999
711.5899999999998
711.5899999999998
712.0799999999998
712.7999999999998
714.2399999999999
714.9599999999999
715.68
717.12
717.84
718.5600000000001
719.7400000000001
720.4600000000002
721.9000000000002
721.9000000000002
723.0800000000002
723.8000000000002
723.3400000000001
723.3400000000001
723.3400000000001
724.7800000000002
725.9600000000003
726.6800000000003
727.4000000000003
729.5600000000003
730.2800000000003
732.4400000000003
733.8800000000003
734.6000000000004
736.0400000000003
735.3200000000003
736.7600000000003
738.2000000000004
740.3600000000004
740.3600000000004
741.8000000000003
743.9600000000004
746.1200000000003
747.5600000000004
749.0000000000005
749.7200000000005
750.4400000000005
750.4400000000005
751.1600000000005
751.8800000000006
754.7600000000006
755.4800000000005
757.3800000000005
757.3800000000005
757.3800000000005
758.8200000000005
758.8200000000005
759.5400000000004
761.7000000000005
763.1400000000006
763.8600000000006
765.7600000000006
767.9200000000005
768.6400000000006
769.1300000000006
771.2900000000005
772.7300000000006
774.1700000000006
774.1700000000006
774.1700000000006
776.0700000000006
776.0700000000006
775.6100000000007
777.7700000000007
778.4900000000007
779.6700000000006
778.9500000000007
781.1100000000007
781.8300000000007
783.2700000000008
783.9900000000008
783.5000000000008
784.2200000000008
784.9400000000007
786.3800000000008
789.9800000000007
790.7000000000007
792.8600000000008
793.5800000000007
795.0200000000008
795.7400000000008
795.7400000000008
795.7400000000008
796.4600000000008
797.9000000000009
800.0600000000009
801.7300000000008
800.7800000000008
801.5000000000008
802.2200000000007
802.9400000000007
805.1000000000008
806.5400000000008
807.9800000000007
809.4200000000008
809.4200000000008
810.1400000000007
810.8600000000008
811.5800000000008
813.0200000000008
813.7400000000007
815.9000000000007
816.6200000000007
818.0600000000007
819.2400000000008
820.4200000000008
820.4200000000008
822.5800000000007
823.3000000000008
823.3000000000008
824.7400000000008
824.7400000000008
826.4100000000008
828.3100000000007
829.0300000000008
831.1900000000009
832.3700000000008
834.2700000000008
834.9900000000008
834.5300000000009
836.6900000000009
837.4100000000009
838.8500000000009
840.290000000001
841.010000000001
841.010000000001
841.730000000001
842.4500000000011
843.1700000000011
845.3300000000012
845.3300000000012
846.5100000000011
847.6900000000011
849.850000000001
851.520000000001
851.520000000001
851.520000000001
852.9600000000011
853.6800000000011
855.5800000000011
856.300000000001
857.0200000000009
857.7400000000008
858.4600000000008
859.9000000000009
861.0800000000008
861.0800000000008
861.8000000000008
861.3400000000007
863.5000000000008
864.9400000000009
865.6600000000009
867.1000000000008
869.0000000000009
869.7200000000009
871.160000000001
870.4400000000009
871.160000000001
871.160000000001
872.110000000001
874.010000000001
874.7300000000009
876.170000000001
879.050000000001
879.050000000001
879.770000000001
879.0500000000011
879.0500000000011
880.490000000001
882.6500000000011
883.3700000000011
884.090000000001
884.090000000001
883.3700000000011
883.3700000000011
884.5500000000012
884.5500000000012
886.7100000000012
887.1700000000011
887.8900000000011
887.8900000000011
887.8900000000011
887.8900000000011
888.3800000000011
889.8200000000012
889.8200000000012
891.0000000000011
893.1600000000012
894.3400000000012
896.2400000000011
895.5200000000011
896.2400000000011
897.6800000000012
899.3500000000012
901.5100000000012
904.3900000000012
905.1100000000013
905.8300000000013
907.7300000000013
908.4500000000013
909.6300000000012
911.5300000000012
912.9700000000013
914.1500000000012
915.5900000000012
917.7500000000013
919.6500000000013
921.0900000000014
922.5300000000015
923.2500000000015
924.6900000000015
926.5900000000015
925.8700000000016
925.8700000000016
926.3300000000015
926.3300000000015
928.4900000000015
928.4900000000015
929.2100000000015
931.1100000000015
931.8300000000014
932.5500000000013
933.2700000000013
933.9900000000014
934.7100000000013
934.2500000000013
935.9200000000012
935.4600000000013
935.9200000000013
934.9700000000013
935.9200000000013
935.9200000000013
938.0800000000014
940.2400000000014
940.2400000000014
940.9600000000013
940.5000000000013
941.9400000000013
942.6600000000012
942.6600000000012
942.6600000000012
944.1000000000012
943.6400000000011
944.8200000000011
945.5400000000011
945.0800000000011
946.5200000000011
947.470000000001
948.1900000000011
948.1900000000011
950.3500000000012
951.7900000000012
952.5100000000012
952.5100000000012
953.2300000000013
954.6700000000013
956.8300000000014
956.8300000000014
958.2700000000015
957.5500000000015
957.5500000000015
957.5500000000015
960.4300000000015
961.1500000000016
961.8700000000016
961.8700000000016
961.8700000000016
962.5900000000016
964.0300000000016
964.0300000000016
966.1900000000015
966.9100000000014
967.6300000000015
967.6300000000015
969.0700000000015
971.2300000000015
971.6900000000015
970.7400000000015
972.1800000000015
972.9000000000016
972.4100000000016
973.5900000000015
975.0300000000015
975.0300000000015
976.7000000000015
976.7000000000015
976.7000000000015
977.4200000000014
977.4200000000014
978.6000000000014
978.6000000000014
978.6000000000014
979.3200000000014
981.4800000000014
981.9400000000014
981.9400000000014
981.2200000000014
983.3800000000015
983.3800000000015
983.3800000000015
985.5400000000014
986.9800000000015
987.7000000000015
988.4200000000016
990.5800000000016
992.0200000000016
992.7400000000015
993.2300000000015
994.6700000000014
994.6700000000014
995.3900000000015
997.5500000000015
998.2700000000016
998.9900000000016
998.2700000000016
998.9900000000016
999.4800000000016
1001.4100000000016
1002.1300000000016
1002.1300000000016
1004.2900000000017
1005.7300000000016
1005.7300000000016
1006.2200000000016
1006.2200000000016
1007.8900000000016
1011.0000000000016
1011.0000000000016
1011.0000000000016
1011.4900000000016
1012.2100000000016
1013.6500000000017
1013.6500000000017
1015.8100000000017
1015.8100000000017
1016.5300000000016
1017.2500000000016
1017.2500000000016
1018.4300000000017
1018.8900000000016
1020.3300000000016
1022.4900000000017
1022.4900000000017
1024.1600000000017
1024.8800000000015
1026.0600000000015
1024.6200000000017
1024.6200000000017
1025.3400000000017
1026.0600000000018
1026.0600000000018
1027.0100000000018
1028.4500000000019
1029.6300000000017
1027.9600000000016
1029.1400000000017
1029.1400000000017
1031.0400000000016
1030.5800000000017
1031.7600000000016
1031.7600000000016
1033.2000000000014
1035.3600000000015
1035.3600000000015
1035.8500000000015
1037.7500000000014
1039.9100000000014
1039.9100000000014
1040.6300000000015
1041.8100000000013
1043.2500000000014
1042.3000000000013
1043.0200000000013
1043.0200000000013
1043.7400000000014
1045.4100000000012
1044.6900000000014
1044.6900000000014
1044.6900000000014
1045.4100000000014
1045.4100000000014
1046.3600000000015
1046.3600000000015
1047.8000000000015
1049.9600000000014
1050.6800000000014
1052.1200000000015
1052.1200000000015
1052.8400000000015
1052.8400000000015
1053.5600000000015
1053.5600000000015
1055.7200000000014
1055.2600000000016
1055.2600000000016
1054.8000000000015
1054.8000000000015
1054.8000000000015
1054.3400000000015
1053.8800000000015
1056.0400000000016
1057.4800000000016
1057.9400000000016
1057.9400000000016
1057.9400000000016
1058.6600000000017
1059.6100000000017
1061.2800000000018
1062.0000000000018
1063.1800000000019
1065.3400000000017
1066.0600000000018
1066.0600000000018
1066.7800000000018
1067.5000000000018
1066.7800000000018
1066.7800000000018
1066.3200000000018
1066.3200000000018
1067.0400000000018
1065.6000000000017
1065.6000000000017
1067.0400000000018
1069.2000000000016
1069.2000000000016
1069.2000000000016
1070.6400000000015
1070.6400000000015
1070.6400000000015
1071.3600000000015
1072.0800000000015
1071.6200000000015
1072.8000000000013
1073.2600000000014
1071.8200000000013
1072.7700000000013
1074.4400000000014
1074.4400000000014
1074.4400000000014
1076.6000000000013
1075.6200000000013
1076.3400000000013
1077.5200000000011
1077.060000000001
1078.9600000000012
1080.860000000001
1079.910000000001
1083.5100000000011
1085.670000000001
1087.110000000001
1088.5500000000009
1090.710000000001
1090.250000000001
1090.970000000001
1092.410000000001
1093.5900000000008
1094.7700000000007
1094.7700000000007
1096.2100000000007
1096.9300000000007
1097.6500000000008
1099.3200000000006
1100.2700000000007
1100.7300000000007
1100.7300000000007
1102.8900000000008
1102.8900000000008
1102.8900000000008
1102.6600000000008
1103.3800000000008
1103.3800000000008
1100.7600000000007
1100.7600000000007
1101.9400000000007
1103.3800000000006
1104.5600000000006
1105.0500000000006
1106.7200000000005
1106.7200000000005
1106.0000000000005
1106.0000000000005
1106.0000000000005
1106.7200000000005
1107.9000000000003
1107.4100000000003
1108.5900000000004
1110.0300000000002
1110.0300000000002
1110.0300000000002
1111.9300000000003
1114.0900000000004
1116.2500000000005
1116.2500000000005
1116.2500000000005
1115.7900000000004
1115.7900000000004
1117.9500000000005
1119.1300000000003
1121.7500000000002
1121.2600000000004
1121.9800000000002
1121.9800000000002
1123.16
1123.16
1124.1100000000001
1124.8300000000002
1125.5500000000002
1125.5500000000002
1126.2700000000002
1127.4500000000003
1127.4500000000003
1130.0700000000002
1130.0700000000002
1131.7400000000002
1131.7400000000002
1132.4600000000003
1132.0000000000002
1132.0000000000002
1132.7200000000005
1134.6200000000003
1134.6200000000003
1136.5200000000004
1136.5200000000004
1136.5200000000004
1136.5200000000004
1137.9600000000003
1137.9600000000003
1139.8600000000004
1139.8600000000004
1139.8600000000004
1139.8600000000004
1139.8600000000004
1138.9100000000003
1142.5100000000002
1143.2300000000002
1143.2300000000002
1143.2300000000002
1143.2300000000002
1145.39
1146.5700000000002
1146.5700000000002
1146.5700000000002
1147.75
1147.75
1148.47
1149.19
1149.19
1149.91
1152.0700000000002
1153.2500000000002
1153.2500000000002
1153.7100000000003
1154.4300000000003
1155.6100000000001
1156.0700000000002
1157.7400000000002
1159.1800000000003
1159.1800000000003
1159.1800000000003
1158.7200000000003
1158.0000000000002
1160.1600000000003
1161.6000000000004
1162.3200000000002
1163.7600000000002
1164.2500000000002
1164.7400000000002
1165.2000000000003
1164.7400000000002
1164.7400000000002
1164.7400000000002
1166.4100000000003
1163.5300000000002
1163.5300000000002
1163.0400000000002
1163.7600000000002
1164.9400000000003
1164.9400000000003
1166.3800000000003
1165.8900000000003
1165.8900000000003
1166.6100000000004
1167.5600000000002
1169.7200000000003
1169.7200000000003
1169.7200000000003
1170.4400000000003
1170.4400000000003
1170.9
1170.9
1170.9
1170.4400000000003
1171.1600000000003
1171.1600000000003
1171.6500000000003
1170.2100000000003
1170.7000000000003
1172.8600000000001
1173.5800000000002
1174.7600000000002
1174.7600000000002
1174.7600000000002
1175.4800000000002
1175.4800000000002
1176.2000000000003
1176.2000000000003
1176.6900000000003
1176.6900000000003
1176.6900000000003
1177.8700000000003
1177.8700000000003
1181.2100000000003
1181.2100000000003
1181.2100000000003
1182.39
1183.8300000000004
1184.5500000000004
1186.4500000000003
1186.4500000000003
1186.4500000000003
1187.4000000000005
1189.5600000000004
1189.3000000000004
1189.3000000000004
1188.8400000000004
1191.0000000000002
1191.0000000000002
1192.4400000000003
1193.8800000000003
1193.8800000000003
1193.8800000000003
1193.8800000000003
1193.8800000000003
1194.6000000000004
1195.0600000000002
1197.6800000000003
1198.8600000000004
1200.0400000000002
1200.5000000000005
1201.2200000000005
1201.2200000000005
1201.2200000000005
1201.2200000000005
1200.7600000000004
1200.7600000000004
1202.4300000000005
1202.4300000000005
1201.9400000000005
1202.6600000000003
1202.6600000000003
1202.6600000000003
1204.1000000000006
1205.7700000000004
1205.2800000000004
1205.2800000000004
1204.7900000000004
1204.7900000000004
1205.7400000000005
1205.7400000000005
1205.7400000000005
1205.2800000000004
1205.2800000000004
1205.2800000000004
1206.2300000000005
1206.9500000000005
1206.9500000000005
1206.9500000000005
1206.9500000000005
1206.9500000000005
1206.9500000000005
1206.9500000000005
1209.1100000000006
1207.2100000000007
1208.1600000000005
1209.6000000000008
1209.6000000000008
1209.1100000000006
1208.6500000000005
1209.3700000000006
1209.3700000000006
1210.8100000000009
1210.8100000000009
1211.3000000000009
1211.3000000000009
1212.7400000000007
1214.180000000001
1213.4600000000007
1213.4600000000007
1213.0000000000007
1212.5400000000006
1212.5400000000006
1212.5400000000006
1212.0800000000006
1212.5700000000006
1212.5700000000006
1214.7300000000007
1215.680000000001
1216.400000000001
1215.940000000001
1216.400000000001
1216.8900000000008
1216.8900000000008
1218.7900000000009
1218.7900000000009
1219.740000000001
1220.690000000001
1220.690000000001
1220.690000000001
1220.690000000001
1220.690000000001
1222.8500000000008
1223.5700000000008
1225.010000000001
1223.5700000000008
1224.0600000000009
1223.5700000000008
1225.730000000001
1225.730000000001
1225.010000000001
1225.010000000001
1225.010000000001
1225.010000000001
1226.190000000001
1226.9100000000008
1226.1900000000007
1225.7300000000007
1227.1700000000008
1227.1700000000008
1227.1700000000008
1227.8900000000008
1227.4300000000007
1227.4300000000007
1227.4300000000007
1226.9700000000007
1231.2900000000009
1231.2900000000009
1231.2900000000009
1231.2900000000009
1232.010000000001
1232.010000000001
1233.6800000000007
1233.6800000000007
1234.8600000000008
1234.1400000000008
1236.3000000000009
1236.3000000000009
1236.3000000000009
1236.3000000000009
1234.8600000000008
1234.8600000000008
1234.1400000000008
1234.1400000000008
1234.1400000000008
1234.1400000000008
1234.6300000000008
1234.6300000000008
1234.6300000000008
1236.3000000000006
1237.0200000000007
1236.3000000000006
1234.3700000000003
1235.5500000000004
1234.6000000000004
1235.3200000000004
1236.0400000000004
1236.0400000000004
1236.9900000000005
1237.7100000000005
1238.8900000000003
1238.8900000000003
1238.63
1238.63
1238.63
1238.17
1238.17
1240.3300000000002
1240.3300000000002
1241.0500000000002
1240.5900000000004
1241.3100000000004
1241.3100000000004
1240.1300000000006
1240.1300000000006
1240.1300000000006
1240.8500000000004
1242.5200000000002
1241.5700000000002
1242.5200000000002
1242.5200000000002
1242.5200000000002
1242.5200000000002
1244.6800000000005
1244.6800000000005
1244.6800000000005
1244.6800000000005
1247.5600000000006
1247.5600000000006
1247.1000000000004
1247.1000000000004
1247.1000000000004
1247.1000000000004
1247.1000000000004
1246.6100000000004
1246.6100000000004
1246.1500000000005
1247.1000000000004
1246.6400000000003
1246.6400000000003
1248.3100000000004
1248.3100000000004
1249.4900000000005
1249.4900000000005
1249.4900000000005
1251.1600000000005
1252.8300000000006
1253.7800000000007
1254.2700000000007
1254.2700000000007
1254.2700000000007
1254.2700000000007
1253.3200000000006
1253.3200000000006
1253.8100000000006
1253.3500000000006
1253.3500000000006
1252.8900000000006
1251.7100000000005
1251.2500000000007
1251.7100000000007
1251.2500000000007
1251.2500000000007
1253.1500000000005
1253.1500000000005
1252.4300000000005
1252.4300000000005
1251.4800000000005
1251.4800000000005
1251.4800000000005
1252.4300000000003
1252.6600000000003
1251.7100000000003
1251.7100000000003
1251.7100000000003
1251.7100000000003
1252.89
1253.6100000000001
1251.7100000000003
1251.2200000000003
1251.2200000000003
1250.7600000000002
1250.7600000000002
1250.7600000000002
1249.5800000000004
1249.5800000000004
1251.2500000000002
1253.4100000000003
1253.4100000000003
1255.0800000000004
1257.4700000000003
1257.4700000000003
1257.4700000000003
1257.4700000000003
1258.6500000000003
1258.6500000000003
1258.6500000000003
1258.6500000000003
1258.6500000000003
1259.3700000000003
1259.3700000000003
1259.8600000000004
1261.3000000000004
1261.3000000000004
1261.3000000000004
1261.3000000000004
1262.7400000000002
1262.7400000000002
1263.4600000000003
1264.9
1265.6200000000001
1267.52
1268.96
1268.96
1268.96
1268.96
1268.96
1268.96
1268.96
1268.96
1269.42
1269.42
1269.42
1270.8600000000001
1270.8600000000001
1269.9100000000003
1270.63
1270.63
1270.63
1270.1700000000003
1270.1700000000003
1269.6800000000005
1269.6800000000005
1269.6800000000005
1271.5800000000004
1271.5800000000004
1272.7600000000004
1274.2000000000005
1274.2000000000005
1274.9200000000005
1275.6400000000003
1275.1800000000005
1274.2300000000007
1274.9500000000005
1274.4600000000005
1274.9200000000005
1274.2000000000005
1274.2000000000005
1274.9200000000003
1274.9200000000003
1273.9700000000005
1273.9700000000005
1273.9700000000005
1273.0200000000004
1273.0200000000004
1272.5600000000006
1269.6800000000007
1266.8300000000006
1267.3200000000006
1268.0400000000006
1268.9900000000007
1268.270000000001
1268.270000000001
1267.0600000000009
1267.5500000000009
1268.730000000001
1268.730000000001
1268.730000000001
1269.4500000000007
1270.1700000000005
1270.1700000000005
1271.6100000000006
1271.6100000000006
1271.6100000000006
1273.2800000000004
1273.2800000000004
1276.3900000000006
1275.9000000000005
1275.9000000000005
1275.9000000000005
1276.3600000000006
1276.8200000000004
1278.0000000000005
1277.5100000000004
1279.1800000000003
1278.4600000000003
1279.41
1280.3600000000001
1280.3600000000001
1280.3600000000001
1279.9
1281.3400000000001
1280.88
1280.88
1280.88
1282.55
1282.55
1283.5
1283.5
1284.4499999999998
1283.9899999999998
1283.9899999999998
1283.9899999999998
1283.9899999999998
1283.2699999999998
1283.2699999999998
1283.2699999999998
1282.8099999999997
1282.8099999999997
1282.8099999999997
1282.35
1282.35
1282.35
1282.35
1282.84
1282.84
1281.66
1281.66
1281.66
1281.66
1281.66
1281.66
1282.3799999999999
1283.3299999999997
1283.3299999999997
1284.0499999999995
1283.5899999999997
1283.5899999999997
1285.2599999999998
1286.2099999999998
1286.6999999999998
1286.6999999999998
1285.2599999999998
1285.2599999999998
1285.2599999999998
1284.5399999999997
1284.5399999999997
1285.4899999999998
1285.4899999999998
1285.4899999999998
1285.4899999999998
1285.4899999999998
1285.4899999999998
1285.9499999999998
1285.9499999999998
1286.4399999999998
1288.6
1288.6
1289.7799999999997
1289.7799999999997
1289.7799999999997
1290.2399999999998
1290.2399999999998
1291.6799999999998
1293.3499999999997
1293.3499999999997
1293.5799999999997
1295.4799999999998
1297.1499999999996
1296.6899999999996
1296.6899999999996
1296.2299999999996
1296.2299999999996
1296.2299999999996
1296.2299999999996
1296.2299999999996
1296.6899999999996
1296.6899999999996
1296.6899999999996
1296.6899999999996
1296.6899999999996
1297.4099999999996
1297.8699999999997
1297.8699999999997
1297.8699999999997
1296.6899999999996
1297.6399999999996
1297.6399999999996
1298.5899999999997
1300.2599999999995
1299.7699999999995
1299.7699999999995
1300.4899999999996
1300.4899999999996
1299.9999999999995
1299.2799999999995
1299.2799999999995
1300.4599999999996
1299.9699999999996
1300.6899999999996
1300.1999999999996
1300.1999999999996
1300.6899999999996
1298.5299999999995
1298.5299999999995
1299.9699999999996
1300.4599999999996
1299.0199999999995
1299.4799999999996
1299.4799999999996
1301.1499999999994
1301.1499999999994
1301.1499999999994
1301.3799999999994
1303.0499999999995
1303.0499999999995
1303.5399999999993
1302.8199999999993
1302.3299999999992
1301.3799999999992
1301.3799999999992
1301.8699999999992
1301.8699999999992
1301.8699999999992
1302.5899999999992
1302.1299999999992
1302.1299999999992
1302.1299999999992
1302.0999999999992
1301.6099999999992
1301.1499999999994
1300.6899999999994
1300.2299999999993
1300.6899999999994
1300.6899999999994
1301.4099999999994
1301.4099999999994
1301.4099999999994
1301.4099999999994
1301.8999999999994
1301.8999999999994
1301.4099999999994
1301.4099999999994
1301.4099999999994
1301.4099999999994
1301.4099999999994
1301.4099999999994
1301.4099999999994
1302.1299999999994
1302.8499999999995
1302.3899999999994
1302.3899999999994
1302.8499999999992
1302.8499999999992
1304.0299999999993
1303.0799999999995
1302.6199999999997
1303.3399999999995
1303.3399999999995
1303.3399999999995
1303.3399999999995
1303.3399999999995
1304.7799999999995
1305.4999999999995
1307.3999999999996
1309.0699999999997
1309.5599999999997
1309.5599999999997
1309.5599999999997
1310.0199999999998
1310.0199999999998
1311.1999999999996
1310.2499999999995
1311.4299999999996
1311.4299999999996
1312.3799999999997
1313.0999999999997
1313.0999999999997
1313.0999999999997
1314.7699999999995
1314.7699999999995
1314.7699999999995
1316.4399999999994
1315.9799999999993
1315.9799999999993
1314.7699999999995
1314.7699999999995
1314.7699999999995
1314.7699999999995
1314.7699999999995
1314.7699999999995
1314.7699999999995
1314.7699999999995
1314.7699999999995
1314.0499999999995
1314.0499999999995
1314.5399999999995
1314.0799999999997
1314.0799999999997
1315.2599999999995
1316.4399999999996
1318.5999999999997
1318.5999999999997
1318.1399999999996
1318.1399999999996
1318.1399999999996
1318.1399999999996
1318.1399999999996
1318.1399999999996
1319.5799999999995
1320.5299999999993
1321.4799999999993
1321.4799999999993
1322.4299999999994
1321.4799999999993
1321.4799999999993
1321.4799999999993
1321.9399999999994
1323.8399999999995
1324.2999999999995
1324.2999999999995
1324.2999999999995
1323.5799999999995
1323.5799999999995
1323.5799999999995
1323.5799999999995
1325.2499999999995
1327.4099999999994
1327.8999999999994
1327.8999999999994
1327.8999999999994
1327.8999999999994
1328.8499999999995
1329.3099999999993
1329.7699999999993
1329.7699999999993
1330.4899999999993
1331.9299999999994
1332.3899999999994
1332.3899999999994
1332.8499999999992
1332.3899999999994
1334.5499999999995
1334.5499999999995
1334.5499999999995
1334.0599999999995
1335.2399999999996
1335.7299999999993
1335.7299999999993
1334.7799999999995
1335.2699999999995
1334.5499999999995
1334.5499999999995
1334.5499999999995
1334.0899999999995
1334.0899999999995
1333.3699999999994
1333.3699999999994
1333.3699999999994
1332.6499999999996
1332.6499999999996
1333.3699999999997
1333.3699999999997
1331.9299999999996
1332.6499999999996
1332.6499999999996
1332.6499999999996
1332.6499999999996
1331.6999999999996
1331.6999999999996
1331.6999999999996
1331.6999999999996
1331.6999999999996
1333.5999999999997
1333.5999999999997
1333.5999999999997
1332.8799999999997
1331.9299999999998
1331.9299999999998
1331.9299999999998
1331.47
1331.47
1332.19
1332.19
1333.63
1333.63
1333.63
1333.63
1333.63
1334.81
1334.81
1334.81
1334.81
1334.32
1335.27
1335.99
1335.99
1333.14
1332.68
1333.86
1333.86
1333.86
1333.86
1333.86
1334.58
1334.58
1335.5299999999997
1335.5299999999997
1337.1999999999996
1337.1999999999996
1337.1999999999996
1337.9199999999996
1337.9199999999996
1338.4099999999996
1340.3099999999997
1340.3099999999997
1339.8499999999997
1339.8499999999997
1340.5699999999997
1342.2399999999998
1342.2399999999998
1342.2399999999998
1342.2399999999998
1342.6999999999998
1342.6999999999998
1343.4199999999998
1344.1399999999999
1344.1399999999999
1344.8599999999997
1344.8599999999997
1344.8599999999997
1346.3
1346.79
1348.23
1348.23
1349.18
1349.18
1349.18
1348.69
1347.74
1347.74
1347.2800000000002
1347.2800000000002
1346.8200000000002
1346.8200000000002
1346.3300000000002
1346.3300000000002
1346.3300000000002
1345.12
1344.43
1345.38
1345.38
1345.38
1345.38
1345.38
1346.8200000000002
1345.6100000000001
1346.0700000000002
1346.0700000000002
1347.5100000000002
1348.4600000000003
1348.9200000000003
1350.5900000000004
1350.1000000000004
1350.1000000000004
1350.1000000000004
1350.1000000000004
1350.1000000000004
1350.1000000000004
1351.2800000000004
1351.2800000000004
1351.2800000000004
1351.2800000000004
1351.2800000000004
1350.8200000000004
1348.2000000000003
1348.2000000000003
1348.6600000000003
1349.6100000000004
1349.1200000000003
1349.1200000000003
1349.1200000000003
1349.1200000000003
1349.1200000000003
1349.1200000000003
1349.1200000000003
1349.1200000000003
1349.8400000000001
1350.3300000000002
1350.3300000000002
1350.3300000000002
1350.3300000000002
1350.3300000000002
1350.3300000000002
1350.3300000000002
1350.3300000000002
1350.3300000000002
1350.3300000000002
1350.3300000000002
1350.3300000000002
1350.3300000000002
1351.0500000000004
1352.2300000000005
1352.2300000000005
1352.2300000000005
1353.4100000000003
1354.3600000000001
1354.3600000000001
1354.3600000000001
1355.54
1356.03
1356.03
1356.03
1356.9799999999998
1356.52
1356.52
1356.52
1356.52
1356.52
1356.52
1356.52
1356.52
1356.52
1357.47
1357.47
1357.47
1357.01
1357.01
1356.55
1357.5
1357.5
1359.17
1359.17
1359.17
1359.17
1359.17
1359.17
1358.71
1358.71
1359.6599999999999
1359.6599999999999
1357.9599999999998
1357.9599999999998
1357.9599999999998
1357.4699999999998
1359.1399999999996
1360.3199999999995
1360.3199999999995
1360.3199999999995
1360.3199999999995
1360.7799999999995
1360.2899999999995
1359.5699999999997
1359.5699999999997
1361.0099999999995
1361.0099999999995
1361.4699999999996
1361.4699999999996
1361.4699999999996
1361.4699999999996
1359.5699999999997
1359.5699999999997
1359.1099999999997
1360.2899999999997
1360.2899999999997
1360.2899999999997
1361.4699999999996
1361.4699999999996
1361.4699999999996
1361.4699999999996
1361.4699999999996
1361.4699999999996
1361.4699999999996
