3
4
6
8
11
13
15
16
17
19
21
24
27
29
31
33
35
38
39
41
43
45
48
49
51
53
56
57
59
60
61
63
64
65
67
69
72
73
75
76
78
81
82
84
85
87
90
93
95
96
97
100
103
104
106
107
110
112
115
116
118
121
124
127
127
128
130
132
134
137
138
141
143
146
149
150
152
153
155
157
158
159
161
163
165
167
168
171
172
174
174
175
177
178
180
182
183
185
187
190
193
196
199
201
201
204
205
207
210
211
213
216
217
220
222
225
227
229
232
233
234
235
236
238
239
241
244
247
249
250
253
254
255
256
258
260
262
264
265
266
268
269
270
272
273
273
274
276
276
277
280
283
285
287
289
290
291
294
294
296
298
298
298
298
298
299
300
299
300
301
303
306
308
310
312
314
315
316
317
320
321
324
327
329
329
330
331
332
333
335
335
338
341
343
344
346
348
350
352
354
357
358
358
360
363
364
364
365
368
369
370
373
374
377
379
380
383
386
387
388
391
391
394
396
398
399
399
399
401
401
404
404
405
405
404
402
404
405
408
408
411
412
414
417
418
419
420
421
422
423
424
425
426
428
430
432
435
436
439
441
442
444
447
448
448
449
451
453
454
455
458
461
464
464
463
464
464
466
468
470
471
472
474
474
475
477
480
480
482
485
488
490
492
492
495
495
496
498
500
501
504
505
507
507
508
510
511
512
515
516
516
518
521
524
526
528
530
531
532
535
536
538
540
541
544
547
547
549
552
553
554
555
557
559
560
562
563
565
567
568
567
567
567
568
568
570
569
570
571
573
574
575
576
576
578
579
581
582
584
584
585
585
586
588
587
590
593
594
595
596
597
598
601
603
603
606
607
608
608
609
611
614
615
616
616
616
616
616
615
615
616
619
620
622
623
624
625
627
629
629
630
630
632
632
635
636
637
638
639
642
644
645
645
644
644
646
648
649
650
651
651
653
653
653
652
653
654
655
657
659
659
660
660
660
661
663
664
665
664
664
667
667
667
667
666
667
668
669
670
670
671
670
672
671
671
672
673
674
674
675
676
679
680
681
682
685
686
687
687
687
688
689
690
690
692
693
695
696
697
698
699
698
698
699
700
701
702
702
704
705
706
707
709
710
710
710
711
712
715
716
717
720
720
720
722
722
724
725
726
726
727
729
729
729
729
729
729
731
731
732
734
735
736
736
737
738
739
741
742
743
743
745
746
746
746
746
747
748
748
749
751
752
753
755
755
753
754
754
755
755
756
758
758
759
759
762
763
766
767
770
771
772
773
773
775
776
777
777
778
778
779
780
780
781
780
782
785
785
785
786
786
787
787
790
793
796
797
797
799
801
802
804
805
808
809
812
814
814
814
815
815
815
816
816
817
817
818
820
822
824
825
825
825
826
826
827
828
828
827
827
829
829
829
829
831
831
831
833
834
836
836
836
837
837
838
839
840
840
840
841
842
843
844
844
846
846
847
847
847
847
848
849
851
854
854
855
855
855
855
857
859
859
860
860
862
865
867
867
870
869
871
874
874
874
874
876
877
877
878
878
878
877
879
879
882
882
882
883
883
882
880
881
880
880
880
880
881
881
881
881
882
882
882
882
882
883
886
886
887
887
887
887
889
891
891
891
891
891
890
892
893
896
896
897
898
899
900
900
900
901
904
904
904
907
908
910
912
912
912
912
912
912
913
915
916
917
917
917
918
918
918
919
919
919
920
923
924
924
925
923
923
926
927
928
930
930
930
931
931
931
931
931
932
932
932
933
934
934
934
934
934
935
935
936
936
937
937
937
937
937
937
937
937
938
938
939
940
940
940
941
943
943
945
945
945
946
947
947
949
949
949
949
949
949
951
951
952
953
953
953
953
955
956
956
956
956
959
959
961
961
963
964
964
966
967
969
969
969
969
969
969
970
972
974
973
973
973
974
974
974
974
974
976
977
977
979
979
979
979
979
980
981
981
980
979
979
980
981
981
982
982
981
983
984
984
984
985
984
984
984
984
984
982
983
982
985
985
986
986
986
986
984
984
985
985
985
985
985
985
985
986
986
986
986
987
988
988
988
989
989
989
988
988
991
991
992
992
992
992
992
994
994
994
994
994
994
994
997
997
997
997
997
997
997
997
997
997
997
997
997
997
999
999
1000
1001
1004
1004
1004
1004
1005
1004
1004
1005
1005
1004
1004
1004
1005
1006
1004
1005
1005
1005
1005
1005
1006
1006
1007
1007
1008
1010
1010
1008
1008
1007
1008
1008
1008
1008
1008
1008
1008
1008
1009
1010
1011
1013
1013
1013
1013
1015
1015
1015
1016
1017
1018
1018
1018
1018
1018
1018
1020
1020
1020
1020
1020
1019
1021
1021
1021
1022
1022
1023
1023
1023
1023
1025
1025
1026
1028
1029
1028
1028
1031
1032
1032
1032
1034
1034
1036
1036
1036
1036
1036
1036
1036
1035
1036
1036
1036
1036
1036
1036
1036
1038
1038
1038
1039
1039
1039
1040
1042
1042
1042
1042
1042
1045
1047
1047
1047
1047
1049
1049
1049
1050
1052
1052
1052
1052
1053
1053
1053
1053
1053
1053
1054
1053
1054
1054
1054
1054
1054
1054
1054
1054
1054
1054
1056
1056
1056
1057
1057
1058
1059
1059
1059
1058
1058
1058
1058
1058
1059
1059
1059
1059
1060
1060
1060
1062
1065
1065
1064
1065
1066
1066
1066
1066
1066
1066
1066
1066
1066
1066
1068
1068
1068
1068
1068
1068
1068
1068
1068
1068
1068
1068
1068
1069
1069
1069
1070
1071
1072
1073
1073
1074
1074
1074
1074
1075
1075
1075
1075
1075
1077
1079
1080
1080
1080
1080
1080
1080
1080
1080
1080
1079
1079
1079
1079
1079
1081
1081
1083
1083
1083
1084
1084
1084
1084
1085
1085
1085
1085
1085
1086
1086
1087
1088
1088
1088
1088
1088
1088
1090
1090
1089
1089
1089
1090
1090
1090
1090
1090
1091
1091
1094
1094
1094
1095
1097
1097
1097
1097
1098
1099
1099
1099
1100
1100
1100
1100
1100
1100
1100
1100
1100
1102
1102
1104
1104
1104
1104
1104
1104
1104
1104
1104
1106
1106
1106
1107
1108
1108
1107
1109
1111
1111
1111
1111
1110
1110
1110
1110
1110
1110
1111
1111
1111
1111
1111
1111
1112
1112
1112
1112
1111
1112
1112
1112
1112
1112
1112
1112
1114
1115
1115
1115
1115
1115
1115
1115
1115
1116
1116
1116
1116
1116
1117
1117
1117
1117
1116
1116
1117
1118
1118
1118
1118
1118
1118
1118
1118
1119
1118
1118
1117
1117
1117
1117
1117
1117
1117
1117
1117
1116
1116
1116
1117
1117
1117
1120
1121
1121
1121
1121
1121
1121
1121
1122
1122
1122
1122
1122
1122
1122
1122
1122
1122
1121
1121
1121
1121
1121
1121
1121
1121
1121
1121
1121
1122
1122
1122
1123
1123
1123
1123
1123
1123
1122
1122
1122
1122
1125
1125
1125
1125
1124
1125
1125
1125
1125
1125
1125
1125
1125
1125
1125
1127
1127
1126
1126
1126
1126
1127
1127
1127
1127
1129
1129
1129
1129
1129
1129
1129
1129
1129
1130
1130
1130
1131
1131
1131
1131
1131
1131
1131
1131
1134
1134
1136
1136
1136
1136
1136
1136
1136
1136
1136
1136
1136
1137
1137
1137
1137
1137
1137
1137
1136
1136
1137
1137
1137
1138
1138
1138
1138
1138
1137
1137
1137
1137
1137
1137
1138
1138
1138
1138
1138
1138
1138
1138
1138
1138
1140
1140
1140
1140
1139
1139
1139
1140
1140
1140
1140
1140
1140
1141
1141
1141
1141
1142
1142
1142
1142
1142
1142
1142
1142
1142
1142
1142
1142
1142
1142
1142
1142
1143
1143
1143
1143
1143
1143
1143
1143
1143
1143
1143
1143
1143
1144
1144
1144
1145
1145
1145
1146
1146
1146
1146
1147
1147
1147
1148
1148
1148
1148
1148
1148
1149
1149
1149
1149
1151
1151
1150
1150
1151
1151
1151
1151
1151
1151
1151
1151
1151
1151
1151
1151
1151
1151
1152
1152
1152
1152
1152
1152
1152
1152
1152
1152
1152
1152
1152
1152
1153
1153
1152
1152
1152
1152
1152
1153
1153
1153
1153
1153
1153
1153
1153
1153
1153
1153
1153
1153
1153
1153
1153
1153
1153
1153
1153
1153
1153
1154
1154
1154
1156
1156
1156
1156
1156
1156
1157
1157
1157
1157
1157
1157
1157
1157
1157
1157
1157
1157
1157
1157
1157
1157
1157
1157
1157
1157
1158
1158
1158
1159
1159
1159
1159
1159
1161
1161
1161
1161
1161
1161
1161
1161
1161
1161
1164
1164
1164
1165
1166
1166
1167
1167
1167
1167
1167
1167
1167
1167
1167
1167
1166
1166
1167
1167
1167
1166
1166
1166
1166
1166
1166
1166
1166
1166
1166
1166
1166
1166
1166
1166
1167
1167
1167
1167
1167
1167
1167
1165
1165
1165
1165
1165
1164
1165
1165
1165
1165
1165
1167
1167
1167
1167
1167
1167
1167
1167
1167
1167
1169
1169
1169
1169
1169
1169
1169
1169
1169
1169
1169
1169
1169
1169
1169
1169
1169
1169
1169
1169
1169
1169
