385.4399999999975
387.59999999999746
389.03999999999746
389.75999999999743
391.1999999999974
391.9199999999974
392.6399999999974
393.3599999999974
394.0799999999974
395.5199999999974
396.95999999999736
399.1199999999974
400.5599999999974
401.27999999999736
402.7199999999973
404.87999999999727
405.59999999999724
407.03999999999724
407.7599999999972
408.47999999999723
410.63999999999726
412.7999999999972
414.95999999999725
417.1199999999973
418.5599999999972
419.99999999999716
420.7199999999972
421.4399999999972
422.15999999999724
422.8799999999972
424.3199999999972
426.47999999999723
428.63999999999726
430.07999999999726
430.7999999999972
432.23999999999717
434.39999999999714
435.1199999999971
435.83999999999713
437.99999999999716
438.7199999999971
440.1599999999972
442.3199999999972
443.75999999999726
445.9199999999973
448.07999999999726
449.51999999999725
450.2399999999972
452.39999999999725
453.8399999999973
455.99999999999727
456.7199999999973
457.43999999999727
458.1599999999973
458.87999999999727
459.59999999999724
460.3199999999972
460.3199999999972
462.47999999999723
464.63999999999726
465.3599999999972
466.7999999999972
467.51999999999725
468.2399999999973
468.9599999999973
471.11999999999733
473.2799999999973
473.2799999999973
473.99999999999727
474.7199999999973
476.1599999999973
478.3199999999973
479.03999999999735
479.7599999999973
481.1999999999974
481.9199999999974
483.35999999999734
485.51999999999737
487.67999999999734
489.8399999999973
491.27999999999724
491.99999999999727
493.4399999999973
495.59999999999735
497.0399999999973
497.7599999999973
497.7599999999973
499.9199999999973
502.0799999999973
504.23999999999734
504.95999999999736
504.2399999999974
505.67999999999734
507.83999999999736
508.5599999999974
509.99999999999744
512.1599999999975
514.3199999999974
516.4799999999974
518.6399999999974
519.3599999999973
520.7999999999975
522.9599999999973
524.3999999999974
525.1199999999975
525.8399999999975
526.5599999999974
527.9999999999974
529.4399999999973
531.5999999999973
532.3199999999973
533.0399999999973
533.7599999999974
535.9199999999975
538.0799999999975
539.5199999999975
541.6799999999976
542.3999999999975
544.5599999999976
546.7199999999975
548.1599999999976
548.8799999999976
549.5999999999977
551.0399999999977
552.4799999999976
552.4799999999976
553.1999999999977
555.3599999999977
557.5199999999977
558.2399999999977
559.6799999999978
561.8399999999978
562.5599999999979
563.2799999999979
563.999999999998
565.439999999998
566.879999999998
568.319999999998
570.479999999998
570.479999999998
571.199999999998
571.919999999998
572.639999999998
574.7999999999981
576.9599999999981
577.6799999999981
577.6799999999981
579.1199999999981
580.5599999999981
581.2799999999982
581.9999999999982
584.1599999999983
584.8799999999983
586.3199999999982
588.4799999999982
589.9199999999981
591.3599999999982
593.5199999999982
594.9599999999982
597.1199999999981
598.559999999998
599.279999999998
601.439999999998
603.5999999999981
604.3199999999981
605.7599999999981
607.199999999998
608.6399999999979
610.079999999998
610.799999999998
611.519999999998
612.2399999999981
612.9599999999981
615.1199999999982
615.8399999999981
617.2799999999982
619.4399999999981
620.1599999999981
620.8799999999982
622.3199999999982
624.4799999999982
625.9199999999983
626.6399999999982
628.0799999999981
629.5199999999982
630.9599999999981
632.399999999998
632.399999999998
633.1199999999981
635.2799999999982
635.2799999999982
635.9999999999982
635.9999999999982
637.4399999999981
638.1599999999981
638.1599999999981
639.5999999999982
641.0399999999981
643.1999999999982
643.9199999999983
644.6399999999983
646.7999999999982
648.2399999999983
648.9599999999983
651.1199999999983
651.8399999999983
653.2799999999984
655.4399999999985
656.8799999999984
658.3199999999985
659.7599999999985
659.7599999999985
661.9199999999985
662.6399999999985
664.0799999999984
666.2399999999984
666.9599999999984
668.3999999999984
667.6799999999984
669.8399999999983
670.5599999999984
671.2799999999984
671.9999999999984
672.7199999999984
674.1599999999985
675.5999999999984
675.5999999999984
677.0399999999984
678.4799999999984
679.9199999999985
680.6399999999985
680.6399999999984
682.7999999999984
683.5199999999984
685.6799999999984
687.1199999999983
689.2799999999984
690.7199999999984
691.4399999999985
692.8799999999985
693.5999999999985
693.5999999999985
695.7599999999985
696.4799999999985
697.1999999999986
697.9199999999986
698.6399999999986
700.0799999999987
700.7999999999987
701.5199999999987
703.6799999999988
705.8399999999988
707.2799999999988
707.9999999999989
709.4399999999989
709.4399999999989
710.879999999999
711.599999999999
711.599999999999
712.319999999999
713.7599999999991
714.4799999999991
715.919999999999
716.6399999999991
716.6399999999991
718.7999999999992
720.2399999999991
720.9599999999991
723.1199999999991
723.8399999999991
724.5599999999991
723.8399999999991
725.2799999999992
726.7199999999992
727.4399999999991
728.8799999999992
731.0399999999992
731.0399999999992
732.4799999999992
732.4799999999992
733.9199999999993
734.6399999999993
735.3599999999993
735.3599999999993
735.3599999999993
736.7999999999993
736.7999999999993
738.2399999999993
738.2399999999993
739.6799999999993
741.1199999999993
741.8399999999993
742.5599999999993
743.2799999999993
743.2799999999993
744.7199999999993
745.4399999999994
746.1599999999994
747.5999999999995
748.3199999999995
749.0399999999995
750.4799999999996
749.7599999999995
751.1999999999996
753.3599999999996
753.3599999999996
754.0799999999996
754.7999999999995
755.5199999999995
754.7999999999996
756.9599999999996
756.9599999999996
759.1199999999995
760.5599999999996
762.7199999999997
764.1599999999997
764.1599999999997
765.5999999999998
766.3199999999998
768.4799999999999
767.7599999999999
768.4799999999999
767.7599999999999
767.7599999999999
768.4799999999999
768.4799999999999
769.1999999999999
769.1999999999999
769.92
772.0799999999999
773.52
774.96
776.4000000000001
777.1200000000001
777.8400000000001
777.8400000000001
777.8400000000001
777.8400000000001
777.8400000000001
778.5600000000002
779.2800000000002
780.7200000000001
782.1600000000001
782.1600000000001
782.1600000000001
783.6000000000001
783.6000000000001
784.3200000000002
785.7600000000001
785.7600000000001
787.2000000000002
787.9200000000002
787.9200000000002
788.6400000000002
789.3600000000001
790.0800000000002
790.8000000000002
792.2400000000002
792.9600000000003
792.9600000000003
792.2400000000004
792.9600000000004
792.9600000000004
794.4000000000004
795.1200000000005
797.2800000000004
799.4400000000005
799.4400000000005
798.7200000000006
800.1600000000005
800.8800000000006
800.8800000000006
801.6000000000007
802.3200000000007
801.6000000000007
800.8800000000007
801.6000000000007
803.7600000000007
805.2000000000006
805.9200000000006
805.9200000000006
806.6400000000007
808.8000000000006
809.5200000000007
811.6800000000007
813.8400000000008
814.5600000000009
816.0000000000009
817.4400000000009
817.4400000000009
819.6000000000009
820.320000000001
822.480000000001
822.480000000001
823.2000000000011
823.920000000001
824.640000000001
825.360000000001
826.0800000000011
825.360000000001
825.360000000001
827.5200000000011
827.5200000000011
828.240000000001
828.240000000001
828.240000000001
829.6800000000011
829.6800000000011
830.400000000001
831.8400000000009
832.560000000001
831.8400000000009
831.8400000000009
831.8400000000009
831.8400000000009
832.560000000001
833.280000000001
833.280000000001
835.4400000000011
835.4400000000011
836.1600000000011
837.6000000000012
838.3200000000012
839.0400000000011
840.480000000001
840.480000000001
840.480000000001
841.920000000001
844.0800000000011
842.640000000001
843.3600000000009
843.3600000000009
843.3600000000009
845.520000000001
845.520000000001
847.680000000001
849.840000000001
852.000000000001
854.160000000001
855.600000000001
857.0400000000011
857.0400000000011
857.0400000000011
857.0400000000011
857.7600000000011
859.920000000001
859.920000000001
859.920000000001
860.640000000001
862.0800000000011
862.0800000000011
862.0800000000011
862.800000000001
864.240000000001
864.240000000001
864.240000000001
864.240000000001
864.240000000001
864.240000000001
866.4000000000011
867.120000000001
867.840000000001
867.1200000000011
867.8400000000012
868.5600000000012
868.5600000000012
869.2800000000012
869.2800000000012
869.2800000000012
870.7200000000013
871.4400000000012
873.6000000000012
875.7600000000012
875.7600000000012
875.7600000000012
875.7600000000012
876.4800000000013
876.4800000000013
877.2000000000013
878.6400000000014
878.6400000000014
879.3600000000014
880.8000000000013
881.5200000000013
883.6800000000013
882.9600000000014
883.6800000000014
884.4000000000013
885.1200000000013
885.8400000000013
888.0000000000014
888.0000000000014
888.7200000000013
890.1600000000013
890.1600000000013
890.8800000000014
892.3200000000014
892.3200000000014
894.4800000000015
894.4800000000015
894.4800000000015
895.2000000000015
895.2000000000015
895.9200000000014
897.3600000000015
898.8000000000015
900.2400000000015
900.9600000000014
900.9600000000014
901.6800000000013
901.6800000000013
903.1200000000013
903.8400000000013
905.2800000000012
905.2800000000012
905.2800000000012
905.2800000000012
906.0000000000013
906.0000000000013
906.0000000000013
906.7200000000013
908.8800000000012
908.8800000000012
909.6000000000013
910.3200000000013
910.3200000000013
908.8800000000012
909.6000000000012
910.3200000000012
911.0400000000012
911.0400000000012
911.7600000000012
912.4800000000012
913.9200000000011
915.360000000001
916.8000000000011
916.8000000000011
916.8000000000011
916.8000000000011
916.8000000000011
917.520000000001
917.520000000001
918.240000000001
918.240000000001
919.6800000000011
919.6800000000011
920.4000000000011
920.4000000000011
919.6800000000011
919.6800000000011
920.4000000000011
921.1200000000011
921.1200000000011
921.840000000001
921.840000000001
924.0000000000011
924.7200000000012
925.4400000000012
926.1600000000011
926.1600000000011
927.600000000001
929.7600000000011
929.7600000000011
929.7600000000011
931.9200000000012
934.0800000000013
934.0800000000013
934.8000000000013
935.5200000000013
937.6800000000014
939.1200000000014
939.8400000000014
941.2800000000015
942.0000000000015
942.7200000000015
944.1600000000016
945.6000000000015
945.6000000000015
947.0400000000016
947.0400000000016
948.4800000000015
949.2000000000014
948.4800000000014
949.9200000000014
950.6400000000015
950.6400000000015
951.3600000000015
953.5200000000015
955.6800000000014
956.4000000000015
957.8400000000015
957.1200000000016
957.1200000000016
957.1200000000016
957.1200000000016
958.5600000000015
958.5600000000015
959.2800000000016
960.0000000000016
960.0000000000016
960.0000000000016
960.7200000000015
960.7200000000015
961.4400000000015
963.6000000000015
963.6000000000015
965.7600000000016
966.4800000000016
966.4800000000016
967.9200000000017
968.6400000000017
970.0800000000017
970.8000000000017
970.8000000000017
972.2400000000016
973.6800000000017
975.1200000000016
975.1200000000016
977.2800000000017
977.2800000000017
978.7200000000017
978.7200000000017
979.4400000000016
980.8800000000017
982.3200000000016
983.0400000000016
985.2000000000015
986.6400000000016
988.0800000000015
990.2400000000016
990.2400000000016
990.2400000000016
990.2400000000016
991.6800000000015
992.4000000000016
993.1200000000016
995.2800000000016
996.0000000000015
996.7200000000015
997.4400000000015
999.6000000000016
1001.0400000000016
1001.7600000000016
1002.4800000000016
1003.9200000000017
1003.9200000000017
1004.6400000000016
1004.6400000000016
1006.0800000000015
1006.0800000000015
1008.2400000000015
1008.9600000000015
1008.9600000000015
1006.8000000000015
1007.5200000000015
1007.5200000000015
1007.5200000000015
1008.9600000000014
1010.4000000000015
1010.4000000000015
1011.1200000000015
1011.1200000000015
1010.4000000000016
1011.1200000000016
1011.8400000000015
1011.8400000000015
1012.5600000000014
1013.2800000000013
1013.2800000000013
1013.2800000000013
1014.7200000000014
1015.4400000000014
1015.4400000000014
1016.8800000000015
1016.8800000000015
1015.4400000000015
1015.4400000000015
1015.4400000000015
1016.1600000000016
1016.1600000000016
1016.1600000000016
1016.8800000000015
1017.6000000000014
1017.6000000000014
1017.6000000000014
1017.6000000000014
1019.7600000000014
1020.4800000000014
1020.4800000000014
1021.2000000000013
1021.2000000000013
1022.6400000000014
1022.6400000000014
1024.0800000000013
1024.0800000000013
1024.0800000000013
1024.0800000000013
1024.0800000000013
1024.8000000000015
1025.5200000000013
1025.5200000000013
1027.6800000000014
1027.6800000000014
1027.6800000000014
1027.6800000000014
1028.4000000000015
1028.4000000000015
1029.8400000000017
1030.5600000000015
1032.0000000000016
1033.4400000000016
1034.1600000000017
1035.6000000000017
1036.3200000000018
1036.3200000000018
1037.0400000000018
1037.7600000000018
1039.2000000000019
1039.2000000000019
1039.2000000000019
1040.6400000000017
1042.0800000000017
1042.8000000000015
1043.5200000000016
1044.2400000000016
1044.9600000000014
1044.9600000000014
1044.9600000000014
1045.6800000000014
1044.9600000000016
1044.9600000000016
1046.4000000000015
1046.4000000000015
1046.4000000000015
1046.4000000000015
1047.1200000000015
1047.1200000000015
1048.5600000000013
1047.8400000000013
1048.5600000000013
1048.5600000000013
1049.2800000000013
1049.2800000000013
1050.0000000000014
1052.1600000000014
1052.1600000000014
1052.1600000000014
1052.1600000000014
1052.1600000000014
1052.1600000000014
1052.8800000000015
1052.8800000000015
1052.8800000000015
1053.6000000000015
1053.6000000000015
1053.6000000000015
1053.6000000000015
1053.6000000000015
1055.7600000000016
1055.7600000000016
1055.7600000000016
1055.7600000000016
1056.4800000000014
1056.4800000000014
1057.2000000000014
1057.2000000000014
1057.2000000000014
1059.3600000000015
1059.3600000000015
1059.3600000000015
1060.0800000000015
1061.5200000000016
1060.8000000000015
1060.8000000000015
1061.5200000000016
1062.9600000000016
1062.9600000000016
1063.6800000000017
1063.6800000000017
1063.6800000000017
1063.6800000000017
1063.6800000000017
1065.1200000000017
1065.1200000000017
1065.8400000000015
1065.8400000000015
1065.8400000000015
1065.8400000000015
1066.5600000000015
1067.2800000000016
1066.5600000000018
1066.5600000000018
1066.5600000000018
1066.5600000000018
1066.5600000000018
1066.5600000000018
1066.5600000000018
1066.5600000000018
1066.5600000000018
1068.0000000000016
1068.0000000000016
1068.0000000000016
1068.0000000000016
1069.4400000000016
1069.4400000000016
1070.1600000000017
1071.6000000000017
1072.3200000000018
1073.0400000000018
1073.0400000000018
1075.2000000000016
1075.2000000000016
1075.2000000000016
1076.6400000000017
1076.6400000000017
1077.3600000000017
1078.0800000000017
1078.0800000000017
1078.8000000000018
1079.5200000000018
1079.5200000000018
1079.5200000000018
1079.5200000000018
1080.9600000000019
1080.9600000000019
1083.1200000000017
1083.1200000000017
1083.1200000000017
1083.8400000000017
1083.8400000000017
1083.8400000000017
1083.8400000000017
1083.8400000000017
1083.1200000000017
1083.1200000000017
1083.8400000000017
1083.8400000000017
1085.2800000000018
1086.7200000000018
1086.7200000000018
1086.7200000000018
1088.1600000000017
1088.8800000000017
1088.8800000000017
1088.8800000000017
1088.1600000000017
1088.1600000000017
1088.1600000000017
1088.1600000000017
1088.8800000000017
1088.8800000000017
1088.8800000000017
1088.8800000000017
1089.6000000000017
1089.6000000000017
1089.6000000000017
1089.6000000000017
1091.7600000000016
1091.0400000000018
1091.0400000000018
1091.0400000000018
1091.7600000000018
1091.7600000000018
1092.4800000000016
1092.4800000000016
1092.4800000000016
1092.4800000000016
1093.2000000000016
1092.4800000000016
1092.4800000000016
1092.4800000000016
1092.4800000000016
1093.2000000000016
1093.2000000000016
1093.2000000000016
1094.6400000000017
1094.6400000000017
1094.6400000000017
1093.9200000000017
1093.9200000000017
1093.9200000000017
1095.3600000000015
1095.3600000000015
1095.3600000000015
1095.3600000000015
1095.3600000000015
1096.0800000000017
1096.0800000000017
1096.8000000000018
1096.8000000000018
1096.8000000000018
1096.8000000000018
1096.8000000000018
1096.8000000000018
1096.8000000000018
1096.8000000000018
1096.8000000000018
1096.8000000000018
1096.8000000000018
1096.8000000000018
1098.2400000000018
1099.6800000000017
1098.9600000000019
1100.400000000002
1100.400000000002
1100.400000000002
1100.400000000002
1100.400000000002
1100.400000000002
1100.400000000002
1101.120000000002
1101.120000000002
1101.120000000002
1101.120000000002
1101.120000000002
1101.120000000002
1101.8400000000017
1101.1200000000017
1101.1200000000017
1101.1200000000017
1101.1200000000017
1102.5600000000018
1103.2800000000016
1103.2800000000016
1104.0000000000016
1105.4400000000016
1106.1600000000017
1106.1600000000017
1106.1600000000017
1106.8800000000017
1106.8800000000017
1106.8800000000017
1106.8800000000017
1106.8800000000017
1106.8800000000017
1108.3200000000018
1109.0400000000018
1109.7600000000018
1110.4800000000016
1110.4800000000016
1110.4800000000016
1111.9200000000017
1113.3600000000017
1114.8000000000018
1115.5200000000018
1114.0800000000017
1114.0800000000017
1114.8000000000018
1114.0800000000017
1114.0800000000017
1114.0800000000017
1114.0800000000017
1115.5200000000016
1115.5200000000016
1115.5200000000016
1115.5200000000016
1115.5200000000016
1115.5200000000016
1115.5200000000016
1115.5200000000016
1115.5200000000016
1115.5200000000016
1116.2400000000016
1116.2400000000016
1116.2400000000016
1116.9600000000016
1115.5200000000016
1115.5200000000016
1115.5200000000016
1115.5200000000016
1116.9600000000016
1116.9600000000016
1116.9600000000016
1117.6800000000014
1118.4000000000015
1119.1200000000013
1119.8400000000013
1119.8400000000013
1120.5600000000013
1120.5600000000013
1121.2800000000013
1121.2800000000013
1121.2800000000013
1120.5600000000013
1120.5600000000013
1120.5600000000013
1120.5600000000013
1120.5600000000013
1121.280000000001
1122.0000000000011
1122.0000000000011
1122.0000000000011
1121.280000000001
1121.280000000001
1121.280000000001
1123.4400000000012
1122.7200000000012
1123.4400000000012
1123.4400000000012
1123.4400000000012
1123.4400000000012
1123.4400000000012
1123.4400000000012
1123.4400000000012
1123.4400000000012
1123.4400000000012
1123.4400000000012
1122.7200000000012
1122.7200000000012
1122.7200000000012
1123.4400000000012
1123.4400000000012
1124.160000000001
1124.160000000001
1124.160000000001
1125.600000000001
1124.880000000001
1124.880000000001
1125.600000000001
1125.600000000001
1125.600000000001
1125.600000000001
1126.320000000001
1127.040000000001
1127.040000000001
1127.040000000001
1127.040000000001
1127.040000000001
1127.040000000001
1127.040000000001
1127.040000000001
1127.040000000001
1128.4800000000012
1129.200000000001
1129.920000000001
1129.920000000001
1129.920000000001
1129.920000000001
1129.920000000001
1129.920000000001
1130.640000000001
1130.640000000001
1130.640000000001
1130.640000000001
1132.080000000001
1132.080000000001
1132.080000000001
1132.080000000001
1132.080000000001
1132.080000000001
1132.080000000001
1133.5200000000011
1133.5200000000011
1134.2400000000011
1134.2400000000011
1134.2400000000011
1133.5200000000011
1133.5200000000011
1133.5200000000011
1134.9600000000012
1135.680000000001
1134.9600000000012
1135.6800000000012
1135.6800000000012
1136.4000000000012
1137.1200000000013
1137.1200000000013
1137.1200000000013
1137.8400000000013
1137.8400000000013
1137.8400000000013
1139.2800000000013
1140.7200000000012
1141.4400000000012
1142.160000000001
1142.160000000001
1142.880000000001
1142.880000000001
1142.880000000001
1144.320000000001
1145.7600000000011
1145.7600000000011
1147.2000000000012
1147.2000000000012
1147.2000000000012
1147.2000000000012
1147.2000000000012
1147.2000000000012
1147.2000000000012
1147.9200000000012
1147.9200000000012
1148.640000000001
1148.640000000001
1149.360000000001
1149.360000000001
1149.360000000001
1151.5200000000011
1152.2400000000011
1152.2400000000011
1152.9600000000012
1152.9600000000012
1151.5200000000011
1151.5200000000011
1151.5200000000011
1151.5200000000011
1151.5200000000011
1151.5200000000011
1152.240000000001
1151.520000000001
1151.520000000001
1151.520000000001
1152.240000000001
1152.240000000001
1152.960000000001
1152.960000000001
1152.960000000001
1152.960000000001
1153.680000000001
1155.120000000001
1155.120000000001
1155.120000000001
1155.120000000001
1155.120000000001
1155.120000000001
1155.120000000001
1155.120000000001
1155.840000000001
1156.5600000000009
1156.5600000000009
1156.5600000000009
1156.5600000000009
1155.8400000000008
1155.8400000000008
1155.8400000000008
1155.8400000000008
1155.8400000000008
1155.8400000000008
1155.120000000001
1155.120000000001
1155.840000000001
1158.0000000000011
1158.720000000001
1158.720000000001
1158.720000000001
1159.440000000001
1161.600000000001
1161.600000000001
1161.600000000001
1161.600000000001
1161.600000000001
1161.600000000001
1161.600000000001
1161.600000000001
1161.600000000001
1161.600000000001
1162.320000000001
1162.320000000001
1163.040000000001
1163.040000000001
1163.7600000000011
1163.7600000000011
1163.7600000000011
1163.7600000000011
1163.7600000000011
1164.4800000000012
1164.4800000000012
1164.4800000000012
1164.4800000000012
1164.4800000000012
1164.4800000000012
1164.4800000000012
1164.4800000000012
1164.4800000000012
1164.4800000000012
1164.4800000000012
1164.4800000000012
1164.4800000000012
1164.4800000000012
1165.9200000000012
1165.9200000000012
1166.6400000000012
1165.9200000000012
1165.9200000000012
1167.3600000000013
1167.3600000000013
1167.3600000000013
1167.3600000000013
1167.3600000000013
1167.3600000000013
1167.3600000000013
1167.3600000000013
1167.3600000000013
1167.3600000000013
1167.3600000000013
1166.6400000000012
1166.6400000000012
1167.3600000000013
1167.3600000000013
1168.0800000000013
1168.0800000000013
1168.0800000000013
1168.0800000000013
1168.0800000000013
1168.8000000000013
1168.8000000000013
1168.8000000000013
1169.5200000000011
1169.5200000000011
1168.8000000000013
1168.8000000000013
1169.5200000000013
1169.5200000000013
1170.2400000000014
1170.9600000000014
1170.9600000000014
1170.9600000000014
1170.9600000000014
1170.9600000000014
1172.4000000000012
1172.4000000000012
1172.4000000000012
1172.4000000000012
1172.4000000000012
1172.4000000000012
1172.4000000000012
1173.1200000000013
1173.1200000000013
1172.4000000000012
1172.4000000000012
1173.1200000000013
1173.1200000000013
1173.1200000000013
1173.1200000000013
1173.1200000000013
1173.1200000000013
1173.1200000000013
1173.8400000000013
1173.8400000000013
1173.8400000000013
1174.5600000000013
1174.5600000000013
1174.5600000000013
1174.5600000000013
1174.5600000000013
1175.2800000000013
1175.2800000000013
1175.2800000000013
1175.2800000000013
1175.2800000000013
1174.5600000000013
1174.5600000000013
1173.8400000000015
1173.8400000000015
1173.8400000000015
1173.8400000000015
1174.5600000000015
1174.5600000000015
1174.5600000000015
1175.2800000000016
1175.2800000000016
1175.2800000000016
1175.2800000000016
1175.2800000000016
1175.2800000000016
1175.2800000000016
1175.2800000000016
1175.2800000000016
1175.2800000000016
1175.2800000000016
1176.0000000000016
1178.1600000000017
1178.1600000000017
1178.1600000000017
1178.8800000000017
1178.8800000000017
1178.8800000000017
1178.8800000000017
1178.8800000000017
1178.8800000000017
1178.8800000000017
1178.8800000000017
1178.8800000000017
1178.8800000000017
1178.8800000000017
1178.8800000000017
1178.8800000000017
1178.8800000000017
1178.8800000000017
1178.8800000000017
1178.8800000000017
1180.3200000000018
1180.3200000000018
1180.3200000000018
1181.0400000000018
1181.0400000000018
1181.0400000000018
1181.0400000000018
1181.0400000000018
1181.0400000000018
1181.0400000000018
1181.7600000000018
1181.0400000000018
1181.0400000000018
1181.0400000000018
1181.0400000000018
1181.0400000000018
1181.0400000000018
1181.7600000000018
1181.040000000002
1181.040000000002
1181.7600000000018
1181.7600000000018
1182.4800000000018
1182.4800000000018
1182.4800000000018
1182.4800000000018
1182.4800000000018
1182.4800000000018
1181.760000000002
1181.760000000002
1181.760000000002
1183.2000000000019
1184.640000000002
1184.640000000002
1184.640000000002
1184.640000000002
1184.640000000002
1184.640000000002
1186.080000000002
1186.8000000000018
1187.5200000000018
1187.5200000000018
1187.5200000000018
1187.5200000000018
1187.5200000000018
1187.5200000000018
1187.5200000000018
1188.2400000000018
1188.2400000000018
1188.2400000000018
1188.2400000000018
1188.2400000000018
1188.2400000000018
1188.2400000000018
1188.2400000000018
1188.2400000000018
1188.2400000000018
1187.5200000000018
1187.5200000000018
1187.5200000000018
1187.5200000000018
1187.5200000000018
1187.5200000000018
1186.8000000000018
1187.5200000000018
1187.5200000000018
1187.5200000000018
1187.5200000000018
1187.5200000000018
1187.5200000000018
1187.5200000000018
1187.5200000000018
1187.5200000000018
1187.5200000000018
1187.5200000000018
1187.5200000000018
1187.5200000000018
1187.5200000000018
1187.5200000000018
1187.5200000000018
1188.2400000000018
1188.2400000000018
1188.9600000000019
1188.9600000000019
1188.9600000000019
1188.9600000000019
1188.9600000000019
1188.9600000000019
1188.9600000000019
1188.9600000000019
1188.9600000000019
1188.9600000000019
1188.9600000000019
1188.9600000000019
1188.9600000000019
1188.9600000000019
1188.9600000000019
1188.9600000000019
1188.9600000000019
1188.9600000000019
1188.9600000000019
1188.9600000000019
1188.9600000000019
1188.9600000000019
1188.9600000000019
1189.6800000000019
1189.6800000000019
1189.6800000000019
1189.6800000000019
1189.6800000000019
1189.6800000000019
1189.6800000000019
1189.6800000000019
1189.6800000000019
1189.6800000000019
1191.1200000000017
1191.8400000000017
1191.8400000000017
1191.8400000000017
1191.120000000002
1191.120000000002
1191.120000000002
1191.120000000002
1191.120000000002
1191.120000000002
1191.120000000002
1191.120000000002
1191.120000000002
1190.400000000002
1191.120000000002
1190.400000000002
1190.400000000002
1190.400000000002
1191.840000000002
1191.840000000002
1191.840000000002
1191.840000000002
1192.5600000000018
1192.5600000000018
1192.5600000000018
1192.5600000000018
1192.5600000000018
1192.5600000000018
1193.2800000000018
1193.2800000000018
1194.0000000000018
1194.0000000000018
1194.0000000000018
1194.0000000000018
1194.0000000000018
1194.0000000000018
1194.0000000000018
1194.0000000000018
1195.4400000000019
1195.4400000000019
1194.720000000002
1196.8800000000022
1196.8800000000022
1196.8800000000022
1196.8800000000022
1196.8800000000022
1196.8800000000022
1196.8800000000022
1196.8800000000022
1196.8800000000022
1197.6000000000022
1197.6000000000022
1197.6000000000022
1197.6000000000022
1197.6000000000022
1197.6000000000022
1197.6000000000022
1197.6000000000022
1197.6000000000022
1197.6000000000022
1199.0400000000022
1200.4800000000023
1200.4800000000023
1201.9200000000023
1201.9200000000023
1201.9200000000023
1201.9200000000023
1201.9200000000023
1201.9200000000023
1201.9200000000023
1201.9200000000023
1201.9200000000023
1202.6400000000024
1202.6400000000024
1202.6400000000024
1202.6400000000024
1202.6400000000024
1202.6400000000024
1202.6400000000024
1203.3600000000024
1204.0800000000022
1204.0800000000022
1204.8000000000022
1204.8000000000022
1202.6400000000021
1203.3600000000022
1203.3600000000022
1202.6400000000021
1202.6400000000021
1203.360000000002
1203.360000000002
1203.360000000002
1203.360000000002
1204.080000000002
1204.080000000002
1204.080000000002
1204.080000000002
1204.800000000002
1204.800000000002
1204.800000000002
1205.520000000002
1205.520000000002
1206.240000000002
1205.520000000002
1206.240000000002
1206.240000000002
1206.240000000002
1206.240000000002
1206.240000000002
1207.680000000002
1207.680000000002
1207.680000000002
1208.4000000000021
1209.1200000000022
1209.1200000000022
1209.1200000000022
1209.1200000000022
1209.1200000000022
1209.1200000000022
1209.1200000000022
1209.1200000000022
1209.1200000000022
1209.1200000000022
1209.1200000000022
1209.1200000000022
1209.1200000000022
1209.1200000000022
1209.1200000000022
1209.1200000000022
1209.1200000000022
1209.1200000000022
1209.1200000000022
1209.1200000000022
1209.1200000000022
1209.1200000000022
1209.1200000000022
1211.2800000000022
1211.2800000000022
1211.2800000000022
1213.440000000002
1213.440000000002
1213.440000000002
1213.440000000002
1213.440000000002
1213.440000000002
1214.1600000000021
1214.1600000000021
1214.1600000000021
1214.1600000000021
1214.1600000000021
1214.1600000000021
1214.1600000000021
1214.1600000000021
1214.1600000000021
1214.1600000000021
1214.1600000000021
1213.4400000000023
1213.4400000000023
1213.4400000000023
1213.4400000000023
1213.4400000000023
1213.4400000000023
1213.4400000000023
1213.4400000000023
1213.4400000000023
1213.4400000000023
1213.4400000000023
1213.4400000000023
1213.4400000000023
1213.4400000000023
1213.4400000000023
1213.4400000000023
1213.4400000000023
1213.4400000000023
1213.4400000000023
1213.4400000000023
1213.4400000000023
1213.4400000000023
1213.4400000000023
1214.1600000000024
1214.1600000000024
1214.1600000000024
1214.8800000000022
1214.8800000000022
1214.1600000000021
1214.1600000000021
1214.1600000000021
1214.1600000000021
1214.8800000000022
1214.8800000000022
1214.8800000000022
1214.8800000000022
1214.8800000000022
1214.1600000000021
1214.1600000000021
1215.6000000000022
1215.6000000000022
1215.6000000000022
1215.6000000000022
1215.6000000000022
1215.6000000000022
1216.3200000000022
1216.3200000000022
1216.3200000000022
1216.3200000000022
1216.3200000000022
1216.3200000000022
1216.3200000000022
1216.3200000000022
1216.3200000000022
1216.3200000000022
1216.3200000000022
1216.3200000000022
1216.3200000000022
1216.3200000000022
1216.3200000000022
1216.3200000000022
1216.3200000000022
1217.0400000000022
1217.7600000000023
1217.7600000000023
1217.7600000000023
1217.7600000000023
1217.7600000000023
1217.7600000000023
1217.7600000000023
1217.7600000000023
1217.7600000000023
1217.7600000000023
1217.7600000000023
1217.7600000000023
1217.7600000000023
1217.7600000000023
1217.7600000000023
1217.7600000000023
1217.7600000000023
1217.7600000000023
1218.480000000002
1218.480000000002
1218.480000000002
1218.480000000002
1218.480000000002
1218.480000000002
1219.200000000002
1220.6400000000021
1220.6400000000021
1220.6400000000021
1220.6400000000021
1219.9200000000021
1219.9200000000021
1219.9200000000021
1219.9200000000021
1219.9200000000021
1220.6400000000021
1220.6400000000021
1220.6400000000021
1219.9200000000021
1219.9200000000021
1219.9200000000021
1219.9200000000021
1219.9200000000021
1219.9200000000021
1219.9200000000021
1221.3600000000022
1221.3600000000022
1221.3600000000022
1222.0800000000022
1222.0800000000022
1222.0800000000022
1222.0800000000022
1222.0800000000022
1222.0800000000022
1222.0800000000022
1222.0800000000022
1222.0800000000022
1222.0800000000022
1221.3600000000022
1221.3600000000022
1221.3600000000022
1221.3600000000022
1221.3600000000022
1221.3600000000022
1221.3600000000022
1221.3600000000022
1221.3600000000022
1221.3600000000022
