2
3
6
9
10
12
15
17
18
21
23
25
28
31
32
33
34
35
37
38
40
43
44
45
46
48
50
52
53
55
58
61
62
65
68
69
70
72
75
76
79
82
83
86
89
91
92
94
96
98
99
102
105
106
108
109
110
113
116
117
118
121
123
126
127
130
131
134
137
138
141
144
146
149
151
154
157
158
160
163
166
169
172
173
175
176
178
181
182
184
187
190
193
194
196
199
201
202
203
204
205
208
209
211
212
215
217
218
221
224
227
229
231
234
235
238
241
242
243
246
247
248
251
253
256
259
261
261
264
266
268
269
272
274
274
276
279
282
283
284
286
289
292
294
295
297
297
298
301
302
303
305
308
310
312
312
314
314
315
317
320
320
323
324
324
325
327
326
326
328
330
331
333
333
335
336
338
339
340
341
342
344
345
348
350
353
355
356
356
357
359
360
363
366
368
369
370
372
373
374
377
379
379
379
382
383
384
386
389
387
388
389
391
393
394
397
398
400
403
403
404
404
406
408
411
412
414
417
417
418
417
420
421
423
426
429
429
431
432
433
435
437
438
441
442
444
445
448
450
452
454
454
455
456
458
459
460
462
463
464
466
467
469
469
471
472
471
471
471
473
475
476
477
480
481
484
486
487
489
488
490
492
495
495
497
500
503
505
507
506
507
507
508
508
509
510
513
513
513
515
515
516
517
519
520
523
526
527
528
531
533
535
535
535
538
538
537
540
541
543
542
545
546
546
547
546
547
548
549
551
552
555
556
558
559
559
559
560
562
563
566
564
565
566
567
570
572
574
576
576
577
578
579
581
582
585
586
588
590
592
592
595
596
596
598
598
601
604
605
607
609
612
613
612
615
616
618
620
621
621
622
623
624
627
627
629
631
634
637
637
637
639
640
643
644
645
646
647
649
651
651
652
651
654
656
657
659
662
663
665
664
665
665
667
670
671
673
675
675
676
676
676
678
681
682
681
681
680
680
682
682
685
686
687
687
687
687
688
690
690
692
695
697
700
699
700
702
705
708
709
710
711
714
715
717
717
719
721
723
726
729
731
733
734
736
739
739
739
740
740
742
742
743
746
747
748
749
750
751
750
753
752
753
751
753
753
756
756
756
757
756
758
759
759
759
761
760
762
763
762
764
766
767
767
770
772
773
773
774
776
779
779
781
780
780
780
781
782
783
783
783
784
786
786
787
788
789
789
791
794
795
793
795
796
795
797
799
799
802
802
802
803
803
805
805
805
806
808
809
809
809
812
812
812
815
817
818
819
822
824
825
826
828
828
828
831
832
832
831
831
832
834
835
835
838
840
840
841
841
844
846
846
846
847
848
850
850
853
853
854
855
855
857
858
860
863
863
866
867
869
869
869
870
871
871
873
875
877
875
877
877
878
877
879
879
881
884
884
885
888
891
891
889
891
893
891
892
892
891
894
895
895
895
896
896
898
898
900
903
904
906
906
907
907
908
908
911
910
910
909
909
909
908
907
908
908
909
909
909
910
912
915
916
918
921
922
922
923
924
922
922
921
921
922
923
923
925
928
928
928
930
930
930
929
930
929
931
930
930
932
932
932
932
934
936
937
939
938
941
944
942
943
944
946
948
951
950
951
953
955
957
957
959
960
961
964
966
967
967
970
970
970
971
972
972
970
970
972
974
976
977
980
980
979
979
979
980
982
981
983
985
985
985
988
991
994
994
994
993
993
996
998
999
998
999
999
1001
1001
1003
1004
1005
1005
1006
1008
1008
1009
1009
1012
1012
1013
1012
1012
1013
1016
1016
1016
1016
1016
1016
1018
1018
1021
1021
1021
1021
1021
1019
1020
1021
1021
1021
1021
1024
1026
1026
1026
1028
1028
1029
1030
1030
1031
1034
1036
1036
1037
1038
1040
1041
1044
1046
1046
1044
1043
1045
1048
1050
1051
1053
1054
1055
1056
1055
1055
1055
1058
1057
1057
1056
1057
1059
1059
1061
1060
1060
1061
1063
1066
1066
1066
1067
1067
1068
1068
1068
1067
1068
1068
1069
1067
1068
1071
1072
1074
1074
1074
1075
1075
1076
1076
1076
1076
1076
1078
1078
1080
1080
1080
1082
1084
1083
1086
1086
1086
1088
1091
1092
1092
1091
1094
1094
1096
1096
1096
1096
1096
1096
1097
1098
1099
1101
1103
1104
1105
1105
1105
1105
1104
1104
1107
1107
1106
1107
1107
1107
1109
1112
1111
1111
1110
1110
1112
1112
1112
1111
1111
1111
1113
1114
1114
1114
1114
1114
1114
1114
1117
1114
1116
1118
1118
1117
1116
1117
1117
1119
1119
1120
1120
1122
1124
1123
1123
1122
1121
1121
1121
1120
1121
1121
1124
1126
1127
1126
1127
1128
1128
1131
1131
1133
1135
1135
1135
1135
1135
1138
1139
1140
1140
1141
1140
1143
1143
1143
1143
1143
1143
1145
1146
1145
1144
1146
1146
1146
1147
1146
1146
1146
1145
1147
1147
1147
1147
1148
1148
1151
1151
1153
1154
1157
1157
1157
1157
1159
1159
1158
1158
1158
1158
1159
1159
1159
1162
1163
1162
1161
1163
1161
1162
1160
1160
1162
1163
1165
1165
1166
1166
1166
1165
1165
1168
1168
1169
1168
1169
1169
1170
1170
1170
1171
1174
1172
1174
1174
1174
1174
1177
1177
1177
1177
1178
1178
1177
1177
1177
1177
1177
1176
1176
1175
1177
1176
1176
1179
1179
1181
1181
1181
1184
1187
1189
1190
1190
1190
1190
1188
1188
1189
1188
1188
1187
1185
1184
1185
1184
1184
1187
1187
1186
1186
1184
1184
1184
1186
1184
1182
1182
1182
1182
1184
1185
1182
1181
1181
1180
1180
1180
1178
1178
1181
1184
1184
1187
1188
1188
1188
1188
1190
1190
1190
1190
1190
1191
1191
1192
1194
1194
1194
1194
1196
1196
1197
1199
1200
1203
1205
1205
1205
1205
1205
1205
1205
1205
1206
1206
1206
1208
1208
1206
1207
1207
1207
1206
1206
1205
1205
1205
1208
1208
1210
1212
1212
1213
1214
1213
1211
1212
1211
1212
1211
1211
1212
1212
1210
1210
1210
1208
1208
1207
1207
1205
1206
1207
1209
1208
1208
1207
1208
1210
1210
1210
1211
1212
1212
1213
1213
1213
1216
1216
1218
1217
1217
1217
1218
1219
1221
1220
1223
1222
1224
1224
1224
1224
1223
1225
1224
1224
1224
1227
1227
1229
1229
1231
1230
1230
1230
1230
1229
1229
1229
1228
1228
1228
1227
1227
1227
1227
1228
1228
1226
1226
1226
1226
1226
1226
1227
1229
1229
1230
1229
1229
1232
1234
1235
1235
1235
1235
1235
1234
1234
1236
1236
1236
1236
1236
1236
1237
1237
1238
1241
1241
1243
1243
1243
1244
1244
1246
1249
1249
1247
1250
1253
1252
1252
1251
1251
1251
1251
1251
1252
1252
1252
1252
1252
1253
1254
1254
1254
1253
1255
1255
1257
1260
1259
1259
1260
1260
1259
1258
1258
1260
1259
1260
1259
1259
1260
1261
1261
1263
1264
1264
1265
1265
1268
1268
1268
1270
1273
1273
1274
1273
1272
1270
1270
1271
1271
1271
1272
1271
1271
1271
1272
1271
1270
1269
1268
1269
1269
1270
1270
1270
1270
1271
1271
1270
1270
1270
1270
1270
1270
1270
1271
1272
1271
1271
1272
1272
1274
1272
1271
1272
1272
1272
1272
1272
1274
1275
1278
1281
1282
1282
1282
1282
1282
1284
1282
1284
1284
1286
1287
1287
1287
1290
1290
1290
1290
1289
1289
1289
1289
1289
1289
1289
1289
1289
1289
1289
1288
1288
1289
1288
1288
1290
1292
1295
1295
1294
1294
1294
1294
1294
1294
1296
1298
1300
1300
1302
1300
1300
1300
1301
1303
1304
1304
1303
1302
1302
1302
1302
1305
1308
1309
1309
1309
1309
1310
1311
1312
1310
1311
1313
1314
1314
1315
1314
1314
1314
1314
1313
1315
1316
1316
1314
1315
1314
1314
1314
1313
1313
1312
1312
1312
1311
1311
1312
1312
1312
1313
1313
1313
1313
1311
1311
1311
1311
1311
1314
1314
1314
1313
1314
1314
1314
1313
1313
1314
1314
1316
1316
1316
1316
1316
1318
1318
1318
1318
1317
1319
1320
1320
1318
1317
1319
1319
1319
1319
1319
1320
1320
1322
1322
1325
1324
1323
1324
1324
1325
1328
1328
1327
1327
1328
1331
1331
1331
1331
1332
1332
1333
1334
1334
1335
1335
1335
1337
1338
1340
1340
1342
1342
1342
1340
1341
1341
1340
1340
1339
1339
1337
1337
1337
1335
1337
1338
1338
1338
1338
1338
1340
1339
1340
1340
1342
1344
1345
1348
1347
1347
1347
1347
1347
1347
1349
1349
1349
1349
1349
1348
1347
1347
1348
1350
1349
1349
1349
1349
1349
1349
1349
1349
1350
1351
1351
1351
1351
1351
1351
1351
1351
1351
1351
1351
1351
1351
1352
1354
1354
1354
1356
1358
1358
1358
1360
1361
1361
1361
1363
1362
1362
1362
1362
1362
1362
1362
1362
1362
1363
1363
1363
1362
1362
1361
1362
1362
1365
1365
1365
1365
1365
1365
1364
1364
1366
1366
1368
1368
1368
1367
1370
1372
1372
1372
1372
1373
1372
1371
1371
1373
1373
1374
1374
1374
1374
1374
1374
1373
1375
1375
1375
1377
1377
1377
1377
1377
1377
1377
