386.1599999999974
386.8799999999974
388.3199999999974
389.75999999999743
391.91999999999734
393.35999999999734
394.7999999999973
395.5199999999973
396.23999999999734
397.67999999999734
399.1199999999974
401.2799999999973
403.4399999999973
404.8799999999974
406.31999999999744
407.75999999999743
409.1999999999974
411.35999999999734
412.0799999999973
413.5199999999973
414.95999999999725
416.3999999999972
418.5599999999972
419.27999999999724
420.7199999999973
422.15999999999735
424.3199999999973
425.0399999999973
426.4799999999973
427.1999999999973
427.9199999999973
429.3599999999972
430.07999999999726
430.7999999999973
432.2399999999973
433.6799999999972
435.83999999999725
436.5599999999973
437.99999999999727
438.71999999999724
440.1599999999973
442.3199999999973
443.0399999999973
444.47999999999735
445.1999999999974
446.6399999999974
448.79999999999745
450.9599999999975
452.3999999999975
453.11999999999745
453.8399999999974
455.99999999999744
458.1599999999974
458.87999999999744
460.31999999999744
461.03999999999746
463.1999999999974
464.6399999999974
466.7999999999974
467.51999999999737
468.95999999999736
471.1199999999973
473.27999999999724
475.43999999999727
475.43999999999727
476.15999999999724
477.5999999999973
479.03999999999735
480.4799999999974
482.6399999999974
483.35999999999746
485.5199999999974
486.95999999999736
489.11999999999733
491.2799999999973
491.9999999999973
493.4399999999973
494.1599999999973
495.59999999999735
497.0399999999974
497.75999999999743
498.47999999999746
499.91999999999746
501.35999999999746
502.7999999999974
504.23999999999745
504.9599999999975
507.11999999999745
507.8399999999974
509.2799999999974
509.2799999999974
509.99999999999744
511.43999999999744
512.1599999999975
513.5999999999975
515.0399999999976
515.7599999999975
517.1999999999975
518.6399999999975
520.7999999999975
522.9599999999975
525.1199999999975
527.2799999999976
528.7199999999976
528.7199999999976
530.8799999999976
531.5999999999976
533.0399999999976
535.1999999999977
535.9199999999976
537.3599999999976
539.5199999999977
540.2399999999976
542.3999999999976
543.8399999999975
545.9999999999976
547.4399999999976
548.8799999999976
551.0399999999976
551.7599999999976
552.4799999999976
553.1999999999977
553.9199999999977
555.3599999999976
556.0799999999977
557.5199999999977
559.6799999999977
561.8399999999976
563.2799999999976
563.9999999999976
566.1599999999977
566.8799999999977
567.5999999999976
568.3199999999977
569.7599999999978
571.1999999999978
572.6399999999978
574.0799999999979
574.7999999999979
575.5199999999979
576.9599999999979
577.6799999999979
578.3999999999979
579.8399999999979
580.5599999999979
580.5599999999979
581.2799999999978
582.7199999999979
582.7199999999979
583.4399999999979
585.5999999999979
587.7599999999978
589.1999999999979
590.6399999999979
592.079999999998
592.799999999998
593.5199999999979
595.679999999998
595.679999999998
597.1199999999981
598.559999999998
598.559999999998
598.559999999998
598.559999999998
598.559999999998
599.279999999998
599.9999999999981
599.279999999998
599.9999999999981
600.719999999998
602.1599999999979
604.319999999998
605.7599999999981
607.1999999999981
608.6399999999982
610.0799999999982
610.7999999999982
611.5199999999983
612.2399999999983
614.3999999999984
615.1199999999984
617.2799999999984
619.4399999999983
620.8799999999984
620.8799999999984
621.5999999999984
622.3199999999985
623.0399999999985
623.7599999999985
625.1999999999986
625.1999999999986
627.3599999999985
629.5199999999985
630.9599999999984
631.6799999999985
633.1199999999985
634.5599999999986
635.9999999999985
637.4399999999986
638.8799999999985
641.0399999999985
641.7599999999985
641.7599999999985
643.1999999999986
645.3599999999985
646.0799999999986
646.0799999999986
646.7999999999985
648.9599999999986
649.6799999999986
650.3999999999986
652.5599999999986
653.2799999999986
655.4399999999987
656.8799999999987
657.5999999999988
659.7599999999989
661.9199999999988
662.6399999999988
663.3599999999989
665.5199999999988
665.5199999999988
667.6799999999989
669.119999999999
670.559999999999
671.279999999999
671.279999999999
671.279999999999
672.719999999999
672.719999999999
674.8799999999991
674.8799999999991
675.5999999999991
675.5999999999991
674.8799999999991
673.4399999999991
674.8799999999991
675.5999999999991
677.7599999999992
677.7599999999992
679.9199999999993
680.6399999999992
682.0799999999992
684.2399999999993
684.9599999999994
685.6799999999993
686.3999999999993
687.1199999999993
687.8399999999993
688.5599999999994
689.2799999999994
689.9999999999994
690.7199999999993
692.1599999999993
693.5999999999992
695.0399999999993
697.1999999999994
697.9199999999994
700.0799999999994
701.5199999999994
702.2399999999994
703.6799999999994
705.8399999999995
706.5599999999995
706.5599999999995
707.2799999999995
708.7199999999996
710.1599999999995
710.8799999999995
711.5999999999995
713.7599999999995
715.9199999999996
718.0799999999997
718.0799999999997
717.3599999999997
718.0799999999997
718.0799999999997
719.5199999999996
720.9599999999997
722.3999999999996
723.1199999999997
723.8399999999997
725.2799999999997
725.2799999999997
725.9999999999997
727.4399999999996
729.5999999999997
729.5999999999997
731.0399999999997
733.1999999999998
735.3599999999999
736.8
738.2399999999999
738.2399999999999
740.3999999999999
740.3999999999999
741.1199999999999
742.5599999999998
743.9999999999999
744.7199999999999
746.8799999999999
747.5999999999999
749.04
749.04
749.76
751.2
751.9200000000001
752.6400000000001
754.8000000000001
755.5200000000001
755.5200000000001
756.9600000000002
759.1200000000001
761.2800000000001
762.7200000000001
764.1600000000002
765.6000000000001
766.3200000000002
767.0400000000002
769.2000000000003
769.9200000000002
771.3600000000001
772.8000000000002
773.5200000000002
775.6800000000003
777.8400000000004
777.8400000000004
779.2800000000003
781.4400000000004
782.1600000000004
782.8800000000005
783.6000000000005
785.0400000000005
786.4800000000006
787.2000000000006
788.6400000000007
789.3600000000006
790.8000000000005
792.2400000000006
792.9600000000006
792.2400000000006
792.2400000000006
792.2400000000006
792.9600000000006
792.9600000000006
794.4000000000007
793.6800000000007
794.4000000000007
795.1200000000007
796.5600000000007
797.2800000000008
798.0000000000007
798.7200000000006
798.7200000000006
800.1600000000005
800.8800000000006
802.3200000000005
803.0400000000005
804.4800000000006
804.4800000000006
805.2000000000005
805.2000000000005
805.9200000000004
807.3600000000004
806.6400000000004
808.8000000000004
810.9600000000005
811.6800000000004
812.4000000000004
813.1200000000005
813.8400000000005
814.5600000000005
816.7200000000006
818.1600000000007
818.1600000000007
820.3200000000006
821.0400000000008
821.7600000000007
821.7600000000007
822.4800000000007
823.9200000000006
826.0800000000007
826.8000000000006
827.5200000000007
827.5200000000007
827.5200000000007
827.5200000000007
827.5200000000007
826.8000000000006
826.8000000000006
827.5200000000007
829.6800000000006
830.4000000000007
831.8400000000006
832.5600000000006
833.2800000000007
834.0000000000007
835.4400000000006
836.8800000000006
836.8800000000006
837.6000000000006
837.6000000000006
839.0400000000005
839.0400000000005
841.2000000000005
841.9200000000005
842.6400000000006
843.3600000000006
844.0800000000005
846.2400000000005
847.6800000000005
848.4000000000004
848.4000000000004
847.6800000000005
847.6800000000005
849.1200000000005
850.5600000000004
851.2800000000004
852.0000000000003
852.7200000000004
852.7200000000004
854.1600000000004
854.1600000000004
854.1600000000004
853.4400000000004
854.1600000000004
854.8800000000005
855.6000000000005
857.0400000000004
858.4800000000005
858.4800000000005
859.2000000000005
859.2000000000005
859.2000000000005
859.9200000000004
861.3600000000004
862.0800000000003
862.8000000000002
862.0800000000003
862.0800000000003
864.2400000000002
864.2400000000002
864.2400000000002
864.2400000000002
863.5200000000002
864.2400000000002
864.9600000000002
865.6800000000002
866.4000000000002
866.4000000000002
867.1200000000001
866.4000000000002
867.8400000000001
867.1200000000001
867.1200000000001
867.8400000000001
868.5600000000002
869.2800000000002
869.2800000000002
870.0000000000001
870.72
872.88
873.5999999999999
874.3199999999999
875.04
877.2
877.9200000000001
878.6400000000002
878.6400000000002
878.6400000000002
879.3600000000001
880.0800000000002
880.8000000000002
880.8000000000002
882.2400000000001
882.9600000000002
884.4000000000001
885.1200000000001
885.8400000000001
886.5600000000002
887.2800000000002
886.5600000000002
886.5600000000002
887.2800000000002
888.0000000000002
888.7200000000003
889.4400000000003
889.4400000000003
890.8800000000002
891.6000000000001
892.3200000000002
893.0400000000002
894.4800000000002
895.2000000000004
895.2000000000004
895.2000000000004
895.9200000000003
896.6400000000002
898.8000000000003
899.5200000000003
900.2400000000004
902.4000000000004
902.4000000000004
902.4000000000004
903.8400000000004
903.8400000000004
905.2800000000003
906.0000000000003
906.7200000000004
906.7200000000004
907.4400000000004
908.8800000000005
908.8800000000005
908.8800000000005
908.8800000000005
908.8800000000005
908.8800000000005
910.3200000000004
910.3200000000004
911.0400000000004
912.4800000000005
913.2000000000005
913.9200000000004
913.9200000000004
914.6400000000003
915.3600000000004
916.0800000000003
917.5200000000002
918.2400000000002
918.9600000000003
918.9600000000003
920.4000000000003
921.1200000000003
921.1200000000003
921.1200000000003
921.1200000000003
921.8400000000004
922.5600000000003
922.5600000000003
923.2800000000003
924.7200000000004
925.4400000000004
926.1600000000004
927.6000000000005
927.6000000000005
926.1600000000005
926.8800000000005
926.8800000000005
927.6000000000004
927.6000000000004
928.3200000000005
929.7600000000004
929.7600000000004
930.4800000000005
930.4800000000005
932.6400000000006
933.3600000000006
935.5200000000004
936.2400000000005
938.4000000000005
939.1200000000005
939.8400000000004
940.5600000000003
940.5600000000003
942.0000000000003
942.7200000000004
943.4400000000004
943.4400000000004
944.1600000000003
944.1600000000003
944.8800000000003
945.6000000000003
945.6000000000003
946.3200000000002
945.6000000000003
947.0400000000002
949.2000000000003
949.2000000000003
949.2000000000003
949.9200000000002
949.9200000000002
950.6400000000001
950.6400000000001
952.8000000000002
954.9600000000002
957.1200000000001
957.8400000000001
957.8400000000001
959.2800000000002
960.7200000000001
961.4400000000002
962.8800000000001
963.6000000000001
965.7600000000002
966.4800000000002
968.6400000000003
970.0800000000004
970.0800000000004
970.0800000000004
970.8000000000004
970.8000000000004
970.8000000000004
971.5200000000004
971.5200000000004
972.2400000000005
972.2400000000005
972.9600000000004
974.4000000000003
975.8400000000004
977.2800000000003
978.0000000000002
978.0000000000002
978.0000000000002
978.7200000000003
978.7200000000003
979.4400000000003
980.1600000000003
980.1600000000003
979.4400000000004
979.4400000000004
980.8800000000003
980.8800000000003
980.8800000000003
980.8800000000003
982.3200000000004
982.3200000000004
982.3200000000004
983.7600000000004
984.4800000000004
985.9200000000004
985.9200000000004
985.9200000000004
986.6400000000004
986.6400000000004
987.3600000000005
988.0800000000005
988.8000000000004
988.8000000000004
988.8000000000004
989.5200000000004
990.2400000000004
990.9600000000004
991.6800000000004
991.6800000000004
993.1200000000003
993.1200000000003
993.8400000000004
993.8400000000004
993.8400000000004
993.8400000000004
994.5600000000004
995.2800000000004
996.7200000000004
998.8800000000003
998.8800000000003
999.6000000000004
999.6000000000004
999.6000000000004
999.6000000000004
1001.0400000000003
1002.4800000000004
1002.4800000000004
1003.2000000000003
1003.2000000000003
1004.6400000000003
1006.8000000000004
1008.2400000000005
1008.2400000000005
1010.4000000000005
1009.6800000000005
1011.1200000000005
1013.2800000000004
1013.2800000000004
1013.2800000000004
1013.2800000000004
1014.7200000000006
1015.4400000000005
1015.4400000000005
1016.1600000000004
1016.1600000000004
1016.1600000000004
1015.4400000000005
1016.8800000000006
1016.8800000000006
1019.0400000000005
1019.0400000000005
1019.0400000000005
1019.7600000000004
1019.7600000000004
1019.0400000000004
1017.6000000000004
1018.3200000000003
1017.6000000000004
1017.6000000000004
1017.6000000000004
1017.6000000000004
1018.3200000000003
1018.3200000000003
1018.3200000000003
1018.3200000000003
1019.0400000000003
1019.0400000000003
1019.0400000000003
1019.0400000000003
1019.0400000000003
1019.7600000000003
1021.9200000000004
1021.9200000000004
1022.6400000000004
1022.6400000000004
1022.6400000000004
1022.6400000000004
1024.0800000000006
1025.5200000000004
1025.5200000000004
1025.5200000000004
1025.5200000000004
1025.5200000000004
1024.8000000000006
1026.2400000000005
1026.9600000000005
1029.1200000000006
1029.1200000000006
1029.8400000000006
1030.5600000000006
1031.2800000000004
1032.0000000000005
1032.0000000000005
1032.0000000000005
1032.7200000000007
1034.8800000000006
1034.8800000000006
1034.8800000000006
1037.0400000000006
1037.7600000000007
1039.2000000000007
1040.6400000000008
1040.6400000000008
1040.6400000000008
1040.6400000000008
1040.6400000000008
1040.6400000000008
1041.3600000000008
1042.8000000000009
1043.520000000001
1044.240000000001
1044.240000000001
1044.240000000001
1044.960000000001
1044.960000000001
1044.960000000001
1045.680000000001
1045.680000000001
1045.680000000001
1046.4000000000008
1048.5600000000009
1049.2800000000007
1049.2800000000007
1050.0000000000007
1048.5600000000006
1048.5600000000006
1050.7200000000007
1051.4400000000005
1052.1600000000008
1053.6000000000006
1053.6000000000006
1053.6000000000006
1054.3200000000006
1054.3200000000006
1054.3200000000006
1054.3200000000006
1054.3200000000006
1055.0400000000006
1055.0400000000006
1055.0400000000006
1055.7600000000007
1056.4800000000007
1056.4800000000007
1056.4800000000007
1056.4800000000007
1056.4800000000007
1057.2000000000007
1057.2000000000007
1057.9200000000008
1057.9200000000008
1058.6400000000008
1058.6400000000008
1058.6400000000008
1058.6400000000008
1058.6400000000008
1058.6400000000008
1058.6400000000008
1058.6400000000008
1059.3600000000006
1059.3600000000006
1060.0800000000006
1060.8000000000006
1060.8000000000006
1060.8000000000006
1061.5200000000004
1062.9600000000005
1062.9600000000005
1064.4000000000005
1064.4000000000005
1064.4000000000005
1065.1200000000006
1065.8400000000006
1065.8400000000006
1067.2800000000007
1067.2800000000007
1067.2800000000007
1067.2800000000007
1067.2800000000007
1067.2800000000007
1068.7200000000005
1068.7200000000005
1069.4400000000005
1070.1600000000005
1070.1600000000005
1070.1600000000005
1070.1600000000005
1071.6000000000006
1072.3200000000006
1072.3200000000006
1072.3200000000006
1072.3200000000006
1074.4800000000007
1074.4800000000007
1075.9200000000008
1075.9200000000008
1077.3600000000008
1078.0800000000008
1078.0800000000008
1079.520000000001
1080.240000000001
1081.6800000000007
1081.6800000000007
1081.6800000000007
1081.6800000000007
1081.6800000000007
1081.6800000000007
1082.4000000000008
1083.8400000000008
1085.2800000000009
1084.5600000000009
1084.5600000000009
1084.5600000000009
1085.2800000000009
1085.2800000000009
1085.2800000000009
1085.2800000000009
1085.2800000000009
1086.720000000001
1087.440000000001
1087.440000000001
1088.880000000001
1088.880000000001
1088.880000000001
1088.880000000001
1088.880000000001
1089.6000000000008
1090.3200000000008
1090.3200000000008
1089.6000000000008
1088.8800000000008
1088.8800000000008
1089.6000000000008
1090.3200000000008
1090.3200000000008
1091.0400000000009
1091.0400000000009
1090.3200000000008
1091.760000000001
1092.4800000000007
1092.4800000000007
1092.4800000000007
1093.2000000000007
1092.480000000001
1092.480000000001
1092.480000000001
1092.480000000001
1092.480000000001
1091.0400000000009
1091.760000000001
1091.040000000001
1093.200000000001
1093.200000000001
1093.920000000001
1093.920000000001
1093.920000000001
1093.920000000001
1092.4800000000012
1092.4800000000012
1093.2000000000012
1093.2000000000012
1093.2000000000012
1093.2000000000012
1093.2000000000012
1093.2000000000012
1093.2000000000012
1093.9200000000012
1093.9200000000012
1093.9200000000012
1093.9200000000012
1094.6400000000012
1095.3600000000013
1095.3600000000013
1095.3600000000013
1096.0800000000013
1096.0800000000013
1096.0800000000013
1095.360000000001
1095.360000000001
1097.5200000000011
1097.5200000000011
1098.2400000000011
1098.2400000000011
1098.2400000000011
1098.2400000000011
1098.2400000000011
1099.6800000000012
1099.6800000000012
1099.6800000000012
1099.6800000000012
1099.6800000000012
1099.6800000000012
1099.6800000000012
1101.8400000000013
1101.8400000000013
1101.8400000000013
1101.8400000000013
1101.8400000000013
1101.8400000000013
1101.8400000000013
1101.8400000000013
1101.8400000000013
1101.8400000000013
1101.8400000000013
1101.8400000000013
1101.8400000000013
1101.8400000000013
1103.2800000000013
1103.2800000000013
1104.0000000000014
1104.7200000000012
1106.8800000000012
1106.8800000000012
1106.8800000000012
1106.8800000000012
1107.6000000000013
1106.8800000000012
1106.8800000000012
1107.6000000000013
1107.6000000000013
1106.8800000000012
1106.8800000000012
1106.8800000000012
1107.6000000000013
1108.3200000000013
1106.8800000000012
1107.6000000000013
1107.6000000000013
1107.6000000000013
1107.6000000000013
1107.6000000000013
1108.320000000001
1108.320000000001
1109.0400000000013
1109.0400000000013
1109.7600000000014
1111.2000000000014
1111.2000000000014
1109.7600000000014
1109.7600000000014
1109.0400000000013
1109.7600000000014
1109.7600000000014
1109.7600000000014
1109.7600000000014
1109.7600000000014
1109.7600000000014
1109.7600000000014
1109.7600000000014
1110.4800000000014
1111.2000000000012
1111.9200000000012
1113.3600000000013
1113.3600000000013
1113.3600000000013
1113.3600000000013
1114.8000000000013
1114.8000000000013
1114.8000000000013
1115.5200000000013
1116.2400000000014
1116.9600000000014
1116.9600000000014
1116.9600000000014
1116.9600000000014
1116.9600000000014
1116.9600000000014
1118.4000000000015
1118.4000000000015
1118.4000000000015
1118.4000000000015
1118.4000000000015
1117.6800000000014
1119.1200000000015
1119.1200000000015
1119.1200000000015
1119.8400000000015
1119.8400000000015
1120.5600000000015
1120.5600000000015
1120.5600000000015
1120.5600000000015
1122.0000000000014
1122.0000000000014
1122.7200000000014
1124.1600000000014
1124.8800000000015
1124.1600000000014
1124.1600000000014
1126.3200000000015
1127.0400000000016
1127.0400000000016
1127.0400000000016
1128.4800000000016
1128.4800000000016
1129.9200000000017
1129.9200000000017
1129.9200000000017
1129.9200000000017
1129.9200000000017
1129.9200000000017
1129.9200000000017
1129.2000000000019
1129.920000000002
1129.920000000002
1129.920000000002
1129.920000000002
1129.920000000002
1129.920000000002
1129.920000000002
1131.3600000000017
1131.3600000000017
1131.3600000000017
1132.0800000000017
1132.0800000000017
1132.0800000000017
1132.8000000000018
1134.2400000000016
1134.2400000000016
1134.2400000000016
1134.2400000000016
1134.2400000000016
1136.4000000000017
1137.8400000000017
1137.8400000000017
1137.8400000000017
1137.8400000000017
1139.2800000000018
1139.2800000000018
1139.2800000000018
1140.0000000000016
1141.4400000000016
1141.4400000000016
1141.4400000000016
1141.4400000000016
1142.1600000000017
1142.1600000000017
1142.1600000000017
1142.1600000000017
1142.1600000000017
1142.1600000000017
1142.8800000000015
1142.1600000000014
1142.8800000000015
1142.8800000000015
1142.8800000000015
1142.8800000000015
1142.8800000000015
1142.8800000000015
1142.8800000000015
1142.8800000000015
1142.8800000000015
1142.8800000000015
1144.3200000000015
1144.3200000000015
1144.3200000000015
1145.0400000000016
1145.0400000000016
1145.7600000000016
1146.4800000000014
1146.4800000000014
1146.4800000000014
1145.7600000000014
1145.7600000000014
1145.7600000000014
1145.7600000000014
1145.7600000000014
1146.4800000000014
1146.4800000000014
1146.4800000000014
1146.4800000000014
1147.2000000000014
1147.2000000000014
1147.2000000000014
1148.6400000000015
1150.8000000000015
1150.8000000000015
1150.0800000000015
1150.8000000000013
1151.5200000000016
1151.5200000000016
1151.5200000000016
1151.5200000000016
1151.5200000000016
1151.5200000000016
1151.5200000000016
1151.5200000000016
1151.5200000000016
1151.5200000000016
1152.9600000000016
1152.9600000000016
1152.9600000000016
1152.9600000000016
1152.9600000000016
1152.9600000000016
1152.9600000000016
1152.9600000000016
1152.9600000000016
1152.9600000000016
1152.9600000000016
1152.9600000000016
1152.9600000000016
1153.6800000000017
1153.6800000000017
1153.6800000000017
1154.4000000000017
1155.1200000000017
1155.8400000000017
1156.5600000000018
1156.5600000000018
1157.2800000000018
1157.2800000000018
1157.2800000000018
1157.2800000000018
1158.0000000000018
1158.0000000000018
1158.0000000000018
1158.0000000000018
1158.0000000000018
1159.4400000000019
1160.8800000000017
1161.6000000000017
1161.6000000000017
1161.6000000000017
1161.6000000000017
1161.6000000000017
1161.6000000000017
1161.6000000000017
1161.6000000000017
1161.6000000000017
1160.8800000000017
1160.8800000000017
1160.8800000000017
1160.8800000000017
1160.8800000000017
1162.3200000000018
1162.3200000000018
1163.7600000000018
1163.7600000000018
1163.7600000000018
1164.4800000000016
1164.4800000000016
1164.4800000000016
1164.4800000000016
1165.2000000000016
1165.2000000000016
1165.2000000000016
1165.2000000000016
1165.2000000000016
1165.9200000000017
1165.9200000000017
1166.6400000000015
1167.3600000000017
1167.3600000000017
1167.3600000000017
1167.3600000000017
1167.3600000000017
1167.3600000000017
1168.8000000000018
1168.8000000000018
1168.0800000000017
1168.0800000000017
1168.0800000000017
1168.8000000000018
1168.8000000000018
1168.8000000000018
1168.8000000000018
1168.8000000000018
1169.5200000000016
1169.5200000000016
1171.6800000000017
1171.6800000000017
1171.6800000000017
1172.4000000000017
1173.8400000000017
1173.8400000000017
1173.8400000000017
1173.8400000000017
1174.5600000000018
1175.2800000000016
1175.2800000000016
1175.2800000000016
1176.0000000000016
1176.0000000000016
1176.0000000000016
1176.0000000000016
1176.0000000000016
1176.0000000000016
1176.0000000000016
1176.0000000000016
1176.0000000000016
1177.4400000000016
1177.4400000000016
1178.8800000000017
1178.8800000000017
1178.8800000000017
1178.8800000000017
1178.8800000000017
1178.8800000000017
1178.8800000000017
1178.8800000000017
1178.8800000000017
1180.3200000000018
1180.3200000000018
1180.3200000000018
1181.0400000000016
1181.7600000000016
1181.7600000000016
1181.0400000000018
1182.4800000000018
1183.920000000002
1183.920000000002
1183.920000000002
1183.920000000002
1183.2000000000019
1183.2000000000019
1183.2000000000019
1183.2000000000019
1183.2000000000019
1183.2000000000019
1183.920000000002
1183.920000000002
1183.920000000002
1183.920000000002
1183.920000000002
1183.920000000002
1184.640000000002
1184.640000000002
1184.640000000002
1184.640000000002
1183.9200000000021
1184.6400000000021
1184.6400000000021
1184.6400000000021
1184.6400000000021
1184.6400000000021
1184.6400000000021
1184.6400000000021
1186.080000000002
1186.800000000002
1186.800000000002
1186.800000000002
1186.800000000002
1186.800000000002
1186.800000000002
1186.800000000002
1186.800000000002
1187.520000000002
1187.520000000002
1187.520000000002
1187.520000000002
1187.520000000002
1188.240000000002
1188.240000000002
1188.240000000002
1188.240000000002
1187.520000000002
1187.520000000002
1188.240000000002
1188.960000000002
1188.960000000002
1188.960000000002
1188.960000000002
1188.960000000002
1188.960000000002
1188.960000000002
1188.960000000002
1189.680000000002
1188.960000000002
1188.960000000002
1188.240000000002
1188.240000000002
1188.240000000002
1188.240000000002
1188.240000000002
1188.240000000002
1188.240000000002
1188.240000000002
1188.240000000002
1187.520000000002
1187.520000000002
1187.520000000002
1188.240000000002
1188.240000000002
1188.240000000002
1190.4000000000021
1191.1200000000022
1191.1200000000022
1191.1200000000022
1191.1200000000022
1191.1200000000022
1191.1200000000022
1191.1200000000022
1191.8400000000022
1191.8400000000022
1191.8400000000022
1191.8400000000022
1191.8400000000022
1191.8400000000022
1191.8400000000022
1191.8400000000022
1191.8400000000022
1191.8400000000022
1191.1200000000022
1191.1200000000022
1191.1200000000022
1191.1200000000022
1191.1200000000022
1191.1200000000022
1191.1200000000022
1191.1200000000022
1191.1200000000022
1191.1200000000022
1191.1200000000022
1191.840000000002
1191.840000000002
1191.840000000002
1192.560000000002
1192.560000000002
1192.560000000002
1192.560000000002
1192.560000000002
1192.560000000002
1191.840000000002
1191.840000000002
1191.840000000002
1191.840000000002
1194.000000000002
1194.000000000002
1194.000000000002
1194.000000000002
1193.280000000002
1194.000000000002
1194.000000000002
1194.000000000002
1194.000000000002
1194.000000000002
1194.000000000002
1194.000000000002
1194.000000000002
1194.000000000002
1194.000000000002
1195.440000000002
1195.440000000002
1194.720000000002
1194.720000000002
1194.720000000002
1194.720000000002
1195.440000000002
1195.440000000002
1195.440000000002
1195.440000000002
1196.8800000000022
1196.8800000000022
1196.8800000000022
1196.8800000000022
1196.8800000000022
1196.8800000000022
1196.8800000000022
1196.8800000000022
1196.8800000000022
1197.6000000000022
1197.6000000000022
1197.6000000000022
1198.3200000000022
1198.3200000000022
1198.3200000000022
1198.3200000000022
1198.3200000000022
1198.3200000000022
1198.3200000000022
1198.3200000000022
1200.4800000000023
1200.4800000000023
1201.9200000000023
1201.9200000000023
1201.9200000000023
1201.9200000000023
1201.9200000000023
1201.9200000000023
1201.9200000000023
1201.9200000000023
1201.9200000000023
1201.9200000000023
1201.9200000000023
1202.6400000000024
1202.6400000000024
1202.6400000000024
1202.6400000000024
1202.6400000000024
1202.6400000000024
1202.6400000000024
1201.9200000000023
1201.9200000000023
1202.6400000000021
1202.6400000000021
1202.6400000000021
1203.3600000000022
1203.3600000000022
1203.3600000000022
1203.3600000000022
1203.3600000000022
1202.6400000000021
1202.6400000000021
1202.6400000000021
1202.6400000000021
1202.6400000000021
1202.6400000000021
1203.3600000000022
1203.3600000000022
1203.3600000000022
1203.3600000000022
1203.3600000000022
1203.3600000000022
1203.3600000000022
1203.3600000000022
1203.3600000000022
1203.3600000000022
1204.8000000000025
1204.8000000000025
1204.8000000000025
1204.8000000000025
1204.0800000000024
1204.0800000000024
1204.0800000000024
1204.8000000000022
1204.8000000000022
1204.8000000000022
1204.8000000000022
1204.8000000000022
1204.8000000000022
1205.5200000000023
1205.5200000000023
1205.5200000000023
1205.5200000000023
1206.240000000002
1206.240000000002
1206.240000000002
1206.240000000002
1206.240000000002
1206.240000000002
1206.240000000002
1206.240000000002
1206.240000000002
1206.240000000002
1206.240000000002
1206.240000000002
1206.240000000002
1206.240000000002
1206.240000000002
1206.240000000002
1206.960000000002
1206.960000000002
1206.960000000002
1206.960000000002
1206.960000000002
1206.960000000002
1206.960000000002
1206.960000000002
1206.960000000002
1206.960000000002
1206.960000000002
1206.960000000002
1206.960000000002
1207.680000000002
1207.680000000002
1207.680000000002
1208.400000000002
1208.400000000002
1208.400000000002
1209.1200000000022
1209.1200000000022
1209.1200000000022
1209.1200000000022
1209.8400000000022
1209.8400000000022
1209.8400000000022
1210.560000000002
1210.560000000002
1210.560000000002
1210.560000000002
1210.560000000002
1210.560000000002
1211.280000000002
1211.280000000002
1211.280000000002
1211.280000000002
1212.7200000000018
1212.7200000000018
1212.000000000002
1212.000000000002
1212.720000000002
1212.720000000002
1212.720000000002
1212.720000000002
1212.720000000002
1212.720000000002
1212.720000000002
1212.720000000002
1212.720000000002
1212.720000000002
1212.720000000002
1212.720000000002
1212.720000000002
1212.720000000002
1213.440000000002
1213.440000000002
1213.440000000002
1213.440000000002
1213.440000000002
1213.440000000002
1213.440000000002
1213.440000000002
1213.440000000002
1213.440000000002
1213.440000000002
1213.440000000002
1213.440000000002
1213.440000000002
1214.160000000002
1214.160000000002
1213.4400000000019
1213.4400000000019
1213.4400000000019
1213.4400000000019
1213.4400000000019
1214.160000000002
1214.160000000002
1214.160000000002
1214.160000000002
1214.160000000002
1214.160000000002
1214.160000000002
1214.160000000002
1214.160000000002
1214.160000000002
1214.160000000002
1214.160000000002
1214.160000000002
1214.160000000002
1214.160000000002
1214.160000000002
1214.160000000002
1214.160000000002
1214.160000000002
1214.160000000002
1214.160000000002
1214.160000000002
1214.8800000000017
1214.8800000000017
1214.8800000000017
1216.3200000000018
1216.3200000000018
1216.3200000000018
1216.3200000000018
1216.3200000000018
1216.3200000000018
1217.0400000000018
1217.0400000000018
1217.0400000000018
1217.0400000000018
1217.0400000000018
1217.0400000000018
1217.0400000000018
1217.0400000000018
1217.0400000000018
1217.0400000000018
1217.0400000000018
1217.0400000000018
1217.0400000000018
1217.0400000000018
1217.0400000000018
1217.0400000000018
1217.0400000000018
1217.0400000000018
1217.0400000000018
1217.0400000000018
1217.7600000000018
1217.7600000000018
1217.7600000000018
1218.4800000000018
1218.4800000000018
1218.4800000000018
1218.4800000000018
1218.4800000000018
1219.920000000002
1219.920000000002
1219.920000000002
1219.920000000002
1219.920000000002
1219.920000000002
1219.920000000002
1219.920000000002
1219.920000000002
1219.920000000002
1222.080000000002
1222.080000000002
1222.080000000002
1222.800000000002
1223.520000000002
1223.520000000002
1224.240000000002
1224.240000000002
1224.240000000002
1224.240000000002
1224.240000000002
1224.240000000002
1224.240000000002
1224.240000000002
1224.240000000002
1224.240000000002
1223.520000000002
1223.520000000002
1224.2400000000018
1224.2400000000018
1224.2400000000018
1223.520000000002
1223.520000000002
1223.520000000002
1223.520000000002
1223.520000000002
1223.520000000002
1223.520000000002
1223.520000000002
1223.520000000002
1223.520000000002
1223.520000000002
1223.520000000002
1223.520000000002
1223.520000000002
1223.520000000002
1224.2400000000018
1224.2400000000018
1224.2400000000018
1224.2400000000018
1224.2400000000018
1224.2400000000018
1224.2400000000018
1222.800000000002
1222.800000000002
1222.800000000002
1222.800000000002
1222.800000000002
1222.080000000002
1222.800000000002
1222.800000000002
1222.800000000002
1222.800000000002
1222.800000000002
1224.2400000000018
1224.2400000000018
1224.2400000000018
1224.2400000000018
1224.2400000000018
1224.2400000000018
1224.2400000000018
1224.2400000000018
1224.2400000000018
1224.2400000000018
1225.6800000000019
1225.6800000000019
1225.6800000000019
1225.6800000000019
1225.6800000000019
1225.6800000000019
1225.6800000000019
1225.6800000000019
1225.6800000000019
1225.6800000000019
1225.6800000000019
1225.6800000000019
1225.6800000000019
1225.6800000000019
1225.6800000000019
1225.6800000000019
1225.6800000000019
1225.6800000000019
1225.6800000000019
1225.6800000000019
1225.6800000000019
1225.6800000000019
