15.020000000000259
15.020000000000259
46.420000000000016
46.420000000000016
588.7000000000002
588.7000000000002
55.27000000000001
55.27000000000001
34.61000000000013
34.61000000000013
11.280000000000342
11.280000000000342
770.1600000000001
770.1600000000001
363.1300000000001
363.1300000000001
4.05999999999986
4.05999999999986
37.680000000000035
37.680000000000035
82.15000000000006
82.15000000000006
22.67999999999995
22.67999999999995
102.33000000000013
102.33000000000013
169.50999999999993
169.50999999999993
757.6300000000001
757.6300000000001
4.310000000000144
4.310000000000144
41.66000000000014
41.66000000000014
87.59000000000032
87.59000000000032
24.1100000000001
24.1100000000001
129.03999999999994
129.03999999999994
426.8700000000001
426.8700000000001
261.27000000000015
261.27000000000015
