940.0
940.0
597.8200000000002
597.8200000000002
191.59000000000032
191.59000000000032
299.79999999999984
299.79999999999984
620.9300000000001
620.9300000000001
180.25999999999996
180.25999999999996
612.34
612.34
172.1500000000002
172.1500000000002
770.1600000000001
770.1600000000001
241.31000000000017
241.31000000000017
258.23
258.23
4.05999999999986
4.05999999999986
722.21
722.21
82.15000000000006
82.15000000000006
22.67999999999995
22.67999999999995
102.33000000000013
102.33000000000013
772.75
772.75
169.50999999999993
169.50999999999993
300.34999999999997
300.34999999999997
154.98000000000008
154.98000000000008
41.66000000000014
41.66000000000014
772.1500000000001
772.1500000000001
138.5400000000001
138.5400000000001
740.1100000000001
740.1100000000001
148.9599999999999
148.9599999999999
575.3300000000002
575.3300000000002
141.85000000000028
141.85000000000028
261.27000000000015
261.27000000000015
