988.0
988.0
988.0
988.0
988.0
988.0
988.0
910.4100000000001
988.0
723.4100000000001
830.83
832.6300000000001
895.1
832.6300000000001
800.4000000000001
816.3100000000001
988.6
971.68
597.0799999999997
926.1300000000001
881.1800000000001
958.36
943.05
912.21
926.13
848.3500000000001
879.98
866.06
724.0099999999999
861.86
926.1300000000001
737.3299999999999
972.88
988.0
988.0
689.98
833.23
864.8600000000001
784.0800000000002
770.1600000000001
909.21
849.14
898.29
815.71
768.96
895.1
877.1700000000001
942.45
708.29
835.22
644.4299999999998
803.59
723.41
722.21
832.63
895.7
613.5899999999998
909.8100000000001
832.0300000000001
831.0200000000001
863.06
816.9100000000001
833.83
833.4200000000001
675.4599999999998
773.1600000000001
739.51
833.4200000000001
756.24
772.75
617.19
552.3199999999999
723.4099999999999
819.3100000000001
757.6300000000001
817.1
834.02
711.29
896.6800000000001
895.8900000000001
756.24
772.1500000000001
787.87
725.4000000000001
772.1500000000001
819.5
679.8499999999999
849.33
789.86
740.1100000000001
679.8499999999999
647.81
821.3000000000001
757.6300000000001
817.7
801.3800000000001
913.6
805.58
834.6200000000001
786.6700000000001
835.82
820.1
851.1300000000001
804.38
949.84
