15.020000000000259
15.020000000000259
46.420000000000016
46.420000000000016
588.7000000000002
588.7000000000002
940.0
940.0
597.8200000000002
597.8200000000002
191.59000000000032
191.59000000000032
299.79999999999984
299.79999999999984
620.9300000000001
620.9300000000001
55.27000000000001
55.27000000000001
34.61000000000013
34.61000000000013
11.280000000000342
11.280000000000342
363.1300000000001
363.1300000000001
770.1600000000001
770.1600000000001
180.25999999999996
180.25999999999996
612.34
612.34
172.1500000000002
172.1500000000002
241.31000000000017
241.31000000000017
258.23
258.23
770.1600000000001
770.1600000000001
4.05999999999986
4.05999999999986
82.15000000000006
82.15000000000006
22.67999999999995
22.67999999999995
102.33000000000013
102.33000000000013
169.50999999999993
169.50999999999993
37.680000000000035
37.680000000000035
757.6300000000001
757.6300000000001
4.05999999999986
4.05999999999986
82.15000000000006
82.15000000000006
22.67999999999995
22.67999999999995
102.33000000000013
102.33000000000013
169.50999999999993
169.50999999999993
722.21
722.21
772.75
772.75
300.34999999999997
300.34999999999997
4.310000000000144
4.310000000000144
41.66000000000014
41.66000000000014
24.1100000000001
24.1100000000001
129.03999999999994
129.03999999999994
426.8700000000001
426.8700000000001
87.59000000000032
87.59000000000032
154.98000000000008
154.98000000000008
41.66000000000014
41.66000000000014
138.5400000000001
138.5400000000001
148.9599999999999
148.9599999999999
141.85000000000028
141.85000000000028
772.1500000000001
772.1500000000001
740.1100000000001
740.1100000000001
575.3300000000002
575.3300000000002
261.27000000000015
261.27000000000015
261.27000000000015
261.27000000000015
