2
4
7
10
13
15
16
19
20
21
24
27
29
31
33
36
37
38
39
40
41
44
47
49
51
53
56
57
59
60
63
64
65
66
69
71
74
77
78
80
83
84
87
89
91
93
94
97
98
101
102
103
106
107
110
113
114
117
119
121
123
124
126
129
131
133
136
139
140
142
143
147
148
154
156
157
159
160
161
164
165
166
167
168
169
171
174
176
177
179
181
182
184
188
191
195
196
202
205
206
209
211
214
217
220
222
223
224
228
230
233
234
237
240
243
245
248
250
250
253
253
256
258
261
263
266
268
271
272
274
277
278
281
283
285
287
288
289
292
294
295
296
298
300
302
303
306
308
311
311
313
315
318
320
324
327
333
334
337
339
342
344
345
346
347
347
350
352
353
355
357
358
360
362
367
369
373
373
374
377
379
383
386
388
390
393
396
399
401
403
404
407
410
413
419
421
427
429
429
430
432
434
435
437
441
442
443
444
445
446
449
452
454
458
460
461
464
469
470
472
475
478
481
483
484
489
490
490
491
493
495
498
499
505
506
509
512
514
517
518
520
526
527
529
535
540
540
541
543
546
547
549
551
553
555
556
557
559
564
567
568
569
572
575
578
579
580
583
588
588
589
590
592
594
597
599
599
601
602
603
607
608
609
610
611
614
616
618
618
621
622
623
627
629
635
636
638
639
640
641
644
646
651
651
653
656
657
658
660
660
661
663
665
670
672
674
677
679
680
683
689
692
692
694
694
696
697
698
703
704
707
710
713
715
716
717
720
720
722
724
727
727
729
733
734
736
739
742
743
745
748
750
752
756
757
759
761
764
765
766
768
769
770
771
773
774
777
779
780
782
782
783
785
786
791
794
796
801
806
806
812
813
815
817
820
821
823
828
828
829
830
832
834
836
838
839
839
841
847
848
853
853
854
857
861
863
865
868
870
873
878
879
881
886
887
890
893
895
896
896
899
902
903
904
907
909
910
912
913
914
917
920
925
926
932
934
937
941
943
944
945
946
947
947
950
952
954
957
957
958
964
968
970
971
973
975
978
980
981
985
985
989
992
993
995
997
1001
1003
1003
1006
1008
1010
1013
1019
1025
1026
1027
1030
1030
1033
1035
1036
1038
1042
1042
1044
1045
1050
1052
1053
1059
1061
1066
1069
1074
1075
1076
1080
1081
1082
1087
1088
1088
1091
1094
1096
1096
1096
1096
1096
1096
1101
1104
1106
1107
1108
1108
1114
1117
1117
1121
1122
1122
1125
1126
1128
1130
1133
1139
1140
1141
1143
1145
1149
1149
1155
1155
1159
1159
1160
1161
1161
1164
1164
1167
1173
1175
1178
1178
1180
1180
1186
1189
1192
1192
1196
1196
1202
1207
1207
1212
1213
1218
1219
1221
1222
1223
1229
1229
1230
1234
1240
1240
1241
1244
1245
1246
1246
1247
1253
1256
1257
1258
1259
1260
1260
1262
1263
1263
1267
1270
1273
1275
1276
1277
1278
1280
1281
1282
1283
1287
1288
1288
1290
1295
1297
1300
1300
1301
1301
1302
1302
1304
1306
1307
1308
1309
1312
1314
1314
1314
1320
1321
1325
1326
1327
1332
1333
1336
1341
1343
1345
1346
1351
1352
1355
1360
1365
1365
1366
1367
1370
1372
1373
1373
1377
1377
1377
1379
1379
1383
1384
1388
1389
1389
1390
1395
1395
1396
1397
1399
1400
1406
1406
1408
1409
1410
1414
1416
1421
1426
1428
1430
1433
1433
1436
1436
1436
1436
1438
1440
1442
1443
1443
1445
1445
1447
1450
1450
1452
1458
1463
1464
1466
1466
1466
1466
1467
1467
1470
1471
1477
1477
1480
1486
1486
1487
1488
1488
1492
1492
1494
1499
1499
1501
1505
1507
1507
1508
1508
1508
1512
1512
1513
1513
1515
1515
1519
1520
1522
1523
1525
1527
1527
1528
1528
1531
1535
1537
1538
1539
1539
1541
1541
1542
1547
1551
1551
1551
1552
1552
1557
1557
1558
1562
1564
1564
1564
1568
1568
1572
1575
1577
1578
1580
1580
1580
1582
1583
1588
1590
1592
1593
1593
1594
1596
1601
1605
1605
1608
1609
1609
1610
1610
1615
1615
1621
1624
1630
1631
1631
1631
1635
1636
1637
1638
1639
1639
1640
1641
1643
1649
1653
1653
1655
1656
1656
1661
1662
1666
1667
1669
1669
1670
1670
1672
1673
1676
1677
1677
1678
1679
1683
1683
1685
1688
1692
1693
1694
1696
1696
1698
1700
1701
1707
1707
1707
1710
1714
1715
1720
1726
1728
1728
1728
1730
1730
1732
1733
1735
1735
1739
1745
1745
1749
1749
1749
1751
1752
1752
1753
1753
1755
1757
1758
1761
1762
1768
1769
1769
1770
1771
1772
1777
1777
1783
1789
1791
1792
1792
1793
1799
1799
1803
1803
1803
1803
1803
1805
1807
1808
1809
1809
1815
1815
1817
1817
1817
1819
1821
1821
1827
1829
1830
1830
1832
1834
1834
1835
1836
1839
1840
1840
1842
1847
1851
1857
1857
1857
1857
1861
1863
1863
1869
1870
1874
1875
1875
1875
1875
1875
1875
1875
1876
1877
1881
1881
1883
1883
1885
1887
1892
1892
1892
1895
1897
1897
1901
1901
1903
1904
1906
1906
1906
1906
1912
1912
1913
1913
1914
1914
1914
1914
1915
1916
1916
1918
1920
1926
1930
1930
1930
1932
1933
1933
1937
1937
1937
1939
1939
1942
1944
1948
1954
1956
1957
1957
1961
1967
1968
1970
1976
1976
1977
1980
1984
1985
1988
1989
1993
1997
1999
2001
2003
2003
2003
2005
2005
2005
2007
2007
2010
2010
2010
2010
2010
2010
2011
2012
2012
2012
2012
2017
2022
2022
2023
2023
2025
2025
2031
2033
2035
2035
2035
2035
2035
2036
2037
2037
2038
2038
2039
2044
2044
2048
2048
2048
2052
2052
2052
2052
2054
2058
2060
2062
2063
2063
2063
2063
2063
2063
2065
2071
2071
2072
2072
2072
2072
2072
2076
2082
2082
2085
2087
2088
2091
2092
2098
2101
2105
2109
2109
2110
2110
2116
2121
2121
2123
2123
2123
2123
2123
2124
2124
2126
2126
2126
2128
2130
2132
2134
2134
2139
2141
2147
2148
2154
2154
2154
2160
2160
2161
2161
2161
2162
2162
2162
2163
2165
2166
2166
2166
2166
2167
2167
2167
2168
2168
2174
2174
2174
2174
2174
2175
2175
2177
2177
2177
2177
2180
2180
2180
2180
2182
2182
2184
2186
2186
2188
2188
2188
2188
2190
2191
2193
2195
2197
2201
2201
2206
2207
2207
2207
2208
2208
2211
2211
2211
2212
2213
2219
2219
2219
2225
2227
2227
2227
2228
2229
2234
2236
2237
2238
2238
2238
2239
2240
2244
2244
2244
2246
2246
2252
2252
2253
2255
2256
2257
2259
2259
2259
2259
2265
2265
2266
2266
2266
2266
2270
2270
2270
2270
2270
2270
2270
2272
2277
2277
2277
2278
2278
2279
2282
2282
2286
2286
2286
2286
2287
2291
2291
2291
2296
2302
2308
2309
2315
2315
2319
2321
2327
2330
2334
2340
2345
2350
2351
2351
2351
2351
2355
2355
2355
2361
2363
2363
2364
2370
2370
2370
2371
2373
2373
2373
2375
2375
2375
2376
2376
2378
2378
2378
2384
2384
2384
2389
2389
2393
2397
2401
2401
2401
2401
2403
2403
2409
2409
2409
2410
2410
2410
2412
2412
2412
2418
2420
2421
2421
2422
2422
2426
2427
2433
2437
2438
2439
2439
2445
2445
2445
2445
2450
2450
2450
2452
2452
2452
2454
2456
2460
2460
2460
2462
2464
2467
2471
2473
2473
2479
2479
2479
2479
2481
2481
2481
2481
2482
2486
2492
2492
2493
2494
2494
2495
2495
2495
2495
2495
2496
2496
2496
2497
2499
2501
2501
2501
2501
2501
2501
2501
2505
2505
2505
2505
2507
2507
2507
2513
2515
2515
2515
2516
2517
2523
2523
2525
2525
2525
2525
2525
2529
2529
2529
2530
2531
2535
2541
2541
2541
2541
2541
2541
2543
2547
2547
2549
2549
2549
2549
2549
2549
2549
2549
2549
2549
2551
2551
2551
2551
2553
2553
2557
2557
2557
2557
2561
2561
2567
2567
2567
2569
2569
2571
2571
2573
2573
2573
2573
2573
2573
2573
2574
2580
2582
2582
2582
2586
2586
2592
2593
2599
2604
2604
2606
2606
2609
2609
2610
2614
2614
2614
2615
2615
2617
2617
2617
2617
2617
2617
2617
2617
2617
2617
2617
2623
2623
2623
2624
2624
2624
2626
2630
2630
2630
2632
2632
2632
2633
2634
2636
2636
2636
2638
2638
2638
2638
2643
2645
2646
2646
2646
2646
2646
2652
2656
2656
2656
2656
2656
2658
2658
2662
2662
2662
2662
2662
2664
2665
2665
2665
2665
2667
2671
2673
2675
2678
2679
2679
2683
2683
2685
2689
2694
2695
2696
2696
2696
2698
2698
2698
2698
2700
2700
2700
2705
2706
2710
2714
2714
2714
2715
2720
2720
2720
2725
2729
2729
2729
2729
2729
2729
2729
2731
2735
2741
2741
2743
2743
2743
2744
2750
2750
2756
2756
2756
2758
2764
2766
2766
2768
2769
2769
2771
2771
2773
2773
2773
2773
2773
2777
2780
2780
2780
2782
2782
2782
2782
2787
2791
2793
2793
2793
2799
2801
2801
2803
2803
2807
2807
2809
2809
2811
2813
2813
2817
2821
2821
2821
2822
2822
2822
2823
2823
2827
2829
2830
2832
2834
2834
2834
2834
2835
2837
2837
2837
2839
2839
2843
2843
2845
2846
2851
2856
2862
2862
2864
2864
2864
2864
2864
2870
2876
2876
2876
2876
2876
2876
2878
2878
2880
2880
2880
2880
2880
2880
2880
2880
2880
2880
2880
2880
2882
2884
2890
2890
2890
2890
2894
2894
2896
2896
2896
2896
2898
2898
2902
2905
2907
2908
2913
2918
2918
2919
2919
2923
2923
2927
2927
2928
2928
2928
2928
2928
2929
2929
2929
2929
2929
2933
2933
2935
2939
2939
2939
2941
2941
2941
2943
2949
2949
2953
2953
2953
2954
2954
2954
2956
2962
2962
2962
2963
2963
2963
