385.43999999999744
386.8799999999975
389.0399999999975
391.1999999999975
393.3599999999974
394.7999999999974
395.5199999999974
397.67999999999734
398.39999999999736
399.1199999999974
401.2799999999973
403.43999999999727
404.8799999999972
406.31999999999726
407.75999999999726
409.9199999999973
410.63999999999726
411.3599999999973
412.07999999999726
412.7999999999972
413.51999999999725
415.67999999999716
417.83999999999713
419.2799999999972
420.71999999999724
422.1599999999973
424.3199999999973
425.03999999999735
426.4799999999974
427.19999999999743
429.3599999999974
430.0799999999974
430.7999999999974
431.5199999999974
433.6799999999974
435.11999999999745
437.2799999999975
439.4399999999975
440.1599999999975
441.59999999999746
443.75999999999743
444.4799999999974
446.6399999999974
448.07999999999737
449.51999999999737
450.95999999999736
451.6799999999974
453.8399999999974
454.5599999999974
456.7199999999974
457.4399999999974
458.1599999999974
460.3199999999973
461.03999999999735
463.1999999999974
465.3599999999974
466.0799999999974
468.2399999999974
469.6799999999974
471.1199999999974
472.5599999999974
473.2799999999974
473.99999999999744
476.15999999999747
477.5999999999974
479.03999999999746
481.1999999999975
483.3599999999975
484.07999999999754
485.5199999999976
486.23999999999756
487.4199999999976
488.13999999999754
489.80999999999756
491.24999999999756
491.9699999999975
493.4099999999976
494.1299999999976
494.84999999999764
497.0099999999976
497.7299999999976
498.44999999999754
499.1699999999976
499.8899999999976
499.8899999999976
501.32999999999754
503.48999999999756
504.9299999999975
505.64999999999753
507.08999999999753
508.5299999999976
509.2499999999976
509.9699999999976
511.1499999999976
513.3099999999976
514.4899999999976
515.2099999999975
516.8799999999976
519.0399999999976
519.7599999999976
520.4799999999975
521.9199999999976
524.0799999999975
526.2399999999976
528.3999999999976
529.8399999999976
530.5599999999976
531.2799999999976
532.4599999999976
533.8999999999977
536.0599999999977
536.7799999999977
538.9399999999977
541.0999999999977
541.8199999999978
543.2599999999978
543.9799999999977
545.4199999999978
545.4199999999978
547.5799999999978
547.5799999999978
549.7399999999978
551.1799999999978
554.0599999999978
555.4999999999977
557.6599999999978
559.0999999999979
561.259999999998
561.979999999998
563.419999999998
565.579999999998
566.299999999998
568.459999999998
569.899999999998
571.3399999999981
572.0599999999981
572.7799999999982
573.4999999999981
575.6599999999981
577.0999999999982
577.8199999999982
578.5399999999981
578.5399999999981
579.9799999999982
582.1399999999983
582.8599999999983
583.5799999999982
585.0199999999983
587.1799999999982
587.1799999999982
588.6199999999983
589.3399999999982
591.4999999999983
592.9399999999983
594.1199999999984
596.2799999999984
597.9499999999983
598.6699999999983
600.8299999999983
602.2699999999984
604.4299999999984
605.8699999999985
606.5899999999984
607.3099999999985
608.0299999999985
608.0299999999985
610.1899999999986
610.1899999999986
610.9099999999986
612.3499999999985
613.7899999999986
614.5099999999986
615.9499999999987
618.1099999999986
620.0099999999986
621.4499999999987
621.9099999999987
621.4199999999987
620.6999999999987
622.8599999999986
622.8599999999986
624.0399999999987
626.1999999999988
627.6399999999988
629.7999999999988
631.2399999999988
633.3999999999987
634.1199999999988
635.5599999999988
636.2799999999987
635.5599999999987
637.7199999999987
639.8799999999987
642.0399999999987
643.7099999999988
645.1499999999987
646.0999999999988
647.5399999999988
647.5399999999988
648.2599999999989
649.6999999999988
651.1399999999987
651.8599999999989
653.2999999999988
654.4799999999988
655.1999999999988
655.9199999999988
656.6399999999988
657.3599999999989
658.0799999999989
660.2399999999989
662.3999999999988
663.1199999999989
663.1199999999989
664.5599999999988
665.2799999999988
667.4399999999989
668.619999999999
669.3399999999989
670.779999999999
672.9399999999989
675.0999999999989
677.259999999999
678.6999999999989
679.4199999999989
681.319999999999
681.319999999999
681.319999999999
682.0399999999989
683.4799999999989
684.9199999999988
687.0799999999988
687.7999999999988
689.4699999999988
690.1899999999989
692.349999999999
694.5099999999991
695.2299999999991
698.1099999999991
698.8299999999991
700.2699999999991
701.9399999999991
702.6599999999991
703.3799999999991
705.0499999999992
706.9499999999991
706.9499999999991
707.6699999999992
709.1099999999992
711.2699999999993
711.9899999999991
711.9899999999991
713.4299999999992
714.1499999999991
715.5899999999991
716.3099999999991
717.0299999999991
718.4699999999991
719.6499999999991
722.9899999999991
723.7099999999991
724.429999999999
725.1499999999991
727.309999999999
729.4699999999991
728.7499999999992
729.4699999999992
731.6299999999993
733.5299999999993
733.5299999999993
734.2499999999993
734.2499999999993
735.6899999999993
736.4099999999992
739.2899999999992
740.7299999999991
740.7299999999991
741.4499999999991
742.1699999999992
741.4499999999991
743.3499999999991
744.0699999999991
744.0699999999991
744.7899999999992
745.5099999999992
746.9499999999991
748.3899999999991
749.8299999999991
749.3699999999991
751.5299999999991
750.8099999999991
751.5299999999991
751.5299999999991
752.969999999999
754.6399999999991
755.3599999999991
756.799999999999
757.5199999999991
758.2399999999991
758.9599999999991
761.1199999999991
763.9999999999991
765.8999999999991
765.8999999999991
767.339999999999
769.4999999999991
770.2199999999991
770.9399999999991
772.3799999999992
772.3799999999992
773.0999999999991
774.5399999999992
775.9799999999992
777.8799999999993
779.3199999999993
780.7599999999993
782.9199999999992
784.3599999999991
782.4599999999991
784.6199999999992
785.5699999999993
787.7299999999992
787.7299999999992
789.1699999999993
789.1699999999993
790.6099999999992
791.3299999999992
792.0499999999993
793.9499999999994
794.6699999999993
796.8299999999994
798.9899999999993
799.7099999999994
801.1499999999993
799.4799999999993
800.1999999999994
802.3599999999994
802.3599999999994
803.7999999999995
805.2399999999996
807.3999999999995
807.3999999999995
808.8399999999995
810.0199999999994
807.8599999999994
809.2999999999995
811.4599999999995
813.6199999999995
813.6199999999995
814.3399999999995
816.4999999999995
817.9399999999996
819.3799999999997
820.5599999999996
820.2999999999995
821.7399999999996
823.1799999999996
825.3399999999997
823.1799999999997
823.8999999999996
824.6199999999997
825.3399999999997
826.0599999999997
826.0599999999997
827.4999999999998
828.9399999999998
831.0999999999998
832.5399999999998
833.2599999999999
833.9799999999999
833.9799999999999
834.6999999999999
836.14
836.86
837.32
839.48
840.1999999999999
839.48
840.66
840.66
842.3299999999999
843.9999999999999
845.4399999999999
846.8799999999999
849.04
849.76
850.4799999999999
852.3799999999999
852.3799999999999
853.0999999999999
853.8199999999999
855.26
855.98
857.42
858.14
857.4200000000001
856.47
857.19
857.6800000000001
856.7300000000001
858.6300000000001
858.1400000000001
858.8600000000001
861.0200000000002
862.2000000000002
863.6400000000002
865.0800000000003
867.2400000000002
868.6800000000002
870.8400000000003
872.7400000000002
873.4600000000003
874.9000000000002
876.8000000000003
877.5200000000003
878.9600000000003
879.6800000000003
881.1200000000003
881.8400000000004
881.8400000000004
884.0000000000005
885.4400000000004
886.1600000000004
883.5400000000005
885.7000000000005
887.1400000000006
887.1400000000006
888.5800000000006
889.3000000000006
889.3000000000006
891.4600000000007
893.6200000000007
895.5200000000007
896.2400000000007
897.1900000000007
898.6300000000007
900.7900000000008
901.2500000000008
902.6900000000009
903.4100000000009
902.6900000000009
902.6900000000009
903.4100000000009
903.4100000000009
905.570000000001
908.450000000001
909.8900000000009
912.050000000001
912.050000000001
912.770000000001
914.440000000001
913.460000000001
914.9000000000009
915.6200000000008
914.9000000000009
916.3400000000009
918.500000000001
918.990000000001
919.7100000000011
920.890000000001
920.430000000001
920.890000000001
923.0500000000011
923.7700000000011
925.2100000000012
926.6500000000012
927.8300000000012
929.2700000000012
929.2700000000012
931.4300000000013
931.4300000000013
932.8700000000013
935.0300000000012
936.7000000000013
938.3700000000013
939.0900000000013
938.3700000000013
940.5300000000013
940.5300000000013
940.0700000000013
941.5100000000014
942.2300000000013
943.6700000000013
944.8500000000014
944.3900000000014
944.8800000000014
945.6000000000013
947.5000000000013
949.4000000000012
950.1200000000013
951.0700000000013
951.0700000000013
952.9700000000013
954.4100000000013
956.3100000000013
957.0300000000013
957.0300000000013
957.4900000000014
958.2100000000014
958.9300000000014
960.1100000000014
960.8300000000014
960.8300000000014
962.9900000000014
965.1500000000015
966.5900000000014
966.5900000000014
966.1300000000014
966.1300000000014
966.1300000000014
966.1300000000014
968.0300000000013
970.1900000000014
971.6300000000014
971.6300000000014
972.3500000000014
972.3500000000014
974.0200000000013
976.1800000000014
976.1800000000014
976.6400000000015
977.3600000000014
976.9000000000013
979.0600000000014
979.0600000000014
979.7800000000015
981.2200000000015
983.3800000000015
985.0500000000015
985.7700000000016
986.4900000000015
987.2100000000014
988.6500000000015
989.1100000000014
989.1100000000014
990.7800000000013
990.7800000000013
991.9600000000013
991.4700000000013
992.1900000000013
992.9100000000013
992.9100000000013
992.9100000000013
992.4500000000013
994.6100000000014
995.5600000000014
997.0000000000014
999.1600000000013
999.1600000000013
999.1600000000013
999.1600000000013
1000.8300000000013
1002.2700000000013
1004.4300000000014
1004.4300000000014
1004.8900000000015
1004.8900000000015
1006.5600000000014
1006.5600000000014
1006.5600000000014
1008.4600000000014
1009.1800000000014
1010.3600000000014
1011.0800000000014
1012.5200000000015
1013.2400000000015
1013.9600000000015
1015.6300000000015
1015.6300000000015
1016.3500000000014
1016.3500000000014
1017.3000000000014
1017.3000000000014
1018.0200000000015
1020.1800000000015
1020.9000000000016
1021.6200000000016
1021.1300000000016
1019.6900000000015
1020.1800000000015
1020.1800000000015
1019.4600000000016
1019.4600000000016
1020.1800000000017
1019.4600000000016
1019.4600000000016
1020.9000000000017
1021.6200000000016
1021.6200000000016
1022.0800000000016
1023.5200000000017
1025.6800000000017
1027.1200000000017
1027.8400000000017
1028.5600000000018
1029.2800000000018
1029.2800000000018
1029.2800000000018
1028.560000000002
1029.280000000002
1028.790000000002
1029.5100000000018
1029.5100000000018
1030.9500000000019
1032.850000000002
1034.290000000002
1036.450000000002
1036.450000000002
1037.1700000000021
1036.680000000002
1037.400000000002
1037.400000000002
1038.840000000002
1040.280000000002
1041.000000000002
1041.000000000002
1041.720000000002
1043.8800000000022
1045.3200000000022
1045.3200000000022
1045.3200000000022
1046.2700000000023
1045.5500000000022
1046.730000000002
1046.730000000002
1045.290000000002
1046.470000000002
1046.470000000002
1048.6300000000022
1050.5300000000022
1051.9700000000023
1051.2500000000023
1051.9700000000023
1051.9700000000023
1051.5100000000023
1053.6700000000023
1055.5700000000022
1056.7500000000023
1056.7500000000023
1056.7500000000023
1055.3100000000022
1057.4700000000023
1058.1900000000023
1058.9100000000024
1058.9100000000024
1058.9100000000024
1058.4500000000025
1058.4500000000025
1059.8900000000024
1059.4000000000024
1059.4000000000024
1059.4000000000024
1059.8600000000024
1059.1400000000024
1059.1400000000024
1059.8600000000024
1061.7600000000025
1061.7600000000025
1062.4800000000025
1063.2000000000025
1064.6400000000026
1064.6400000000026
1066.3100000000027
1066.3100000000027
1067.750000000003
1068.4700000000028
1069.190000000003
1069.6500000000028
1071.0900000000029
1072.2700000000027
1073.4500000000028
1075.3500000000026
1075.8400000000026
1077.2800000000025
1077.2800000000025
1080.1600000000026
1080.1600000000026
1080.1600000000026
1080.1600000000026
1081.6000000000024
1083.0400000000025
1084.4800000000025
1085.2000000000025
1085.2000000000025
1086.6400000000026
1086.1500000000026
1086.1500000000026
1088.3100000000024
1088.3100000000024
1088.3100000000024
1089.9800000000023
1091.8800000000024
1092.6000000000024
1093.0900000000024
1093.0900000000024
1093.0900000000024
1093.0900000000024
1093.5800000000024
1093.5800000000024
1095.7400000000023
1097.9000000000026
1099.5700000000024
1099.5700000000024
1101.0100000000025
1102.6800000000026
1102.2200000000025
1101.5000000000025
1100.7800000000025
1100.3200000000024
1101.5000000000023
1101.5000000000023
1102.9400000000023
1104.8400000000022
1104.8400000000022
1106.2800000000022
1107.460000000002
1108.9000000000021
1108.9000000000021
1109.1600000000021
1108.700000000002
1108.700000000002
1109.8800000000022
1109.8800000000022
1110.6000000000022
1110.6000000000022
1111.3200000000022
1110.8600000000022
1110.3700000000022
1109.9100000000021
1111.3500000000024
1111.3500000000024
1110.6300000000024
1111.3500000000024
1111.3500000000024
1112.7900000000025
1112.7900000000025
1114.9500000000025
1115.4100000000024
1115.4100000000024
1116.1300000000024
1116.8500000000024
1115.9000000000024
1116.3900000000024
1116.3900000000024
1116.3900000000024
1116.8500000000022
1118.030000000002
1117.570000000002
1117.570000000002
1117.570000000002
1117.570000000002
1118.750000000002
1118.750000000002
1119.470000000002
1120.6500000000021
1119.210000000002
1119.210000000002
1119.210000000002
1119.670000000002
1119.670000000002
1119.410000000002
1121.5700000000018
1123.0100000000018
1123.0100000000018
1123.7300000000018
1123.7300000000018
1123.7300000000018
1125.170000000002
1125.890000000002
1126.350000000002
1126.8100000000018
1128.2500000000016
1128.2500000000016
1127.7900000000016
1127.7900000000016
1129.2300000000016
1130.4100000000014
1131.5900000000013
1131.5900000000013
1133.7500000000014
1133.0300000000016
1133.0300000000016
1133.7500000000014
1133.7500000000014
1135.6500000000012
1135.6500000000012
1137.3200000000013
1139.4800000000014
1140.4300000000014
1141.1500000000015
1140.6900000000014
1140.6900000000014
1141.1500000000015
1141.1500000000015
1141.1500000000015
1141.8700000000015
1141.8700000000015
1141.3800000000015
1141.3800000000015
1141.3800000000015
1142.8200000000015
1143.7700000000013
1144.2300000000012
1143.7400000000011
1145.1800000000012
1144.7200000000012
1144.7200000000012
1146.620000000001
1146.620000000001
1147.800000000001
1147.800000000001
1149.240000000001
1149.240000000001
1149.240000000001
1148.2900000000009
1149.730000000001
1150.450000000001
1152.610000000001
1152.610000000001
1152.610000000001
1152.610000000001
1153.330000000001
1153.330000000001
1153.330000000001
1154.050000000001
1155.490000000001
1156.670000000001
1157.390000000001
1155.950000000001
1157.390000000001
1156.930000000001
1158.370000000001
1159.810000000001
1159.810000000001
1160.7600000000011
1160.3000000000013
1159.8400000000013
1161.2800000000013
1161.7400000000011
1162.2000000000012
1163.380000000001
1164.330000000001
1164.820000000001
1164.820000000001
1164.820000000001
1165.540000000001
1165.540000000001
1166.9800000000012
1167.7000000000012
1169.1400000000012
1169.1400000000012
1169.1400000000012
1170.090000000001
1170.090000000001
1170.550000000001
1170.060000000001
1170.060000000001
1171.5000000000011
1172.2200000000012
1172.2200000000012
1172.9400000000012
1172.4500000000012
1176.510000000001
1177.230000000001
1177.950000000001
1180.110000000001
1180.8300000000008
1181.0600000000009
1180.3400000000008
1179.390000000001
1180.110000000001
1179.650000000001
1180.3700000000008
1182.270000000001
1182.270000000001
1182.270000000001
1182.760000000001
1183.480000000001
1183.480000000001
1183.480000000001
1183.480000000001
1184.430000000001
1184.430000000001
1185.610000000001
1184.660000000001
1184.170000000001
1184.170000000001
1184.170000000001
1187.510000000001
1188.950000000001
1188.950000000001
1188.950000000001
1188.950000000001
1190.6200000000008
1190.1600000000008
1191.6000000000008
1191.6000000000008
1191.140000000001
1192.580000000001
1193.070000000001
1193.070000000001
1194.020000000001
1194.740000000001
1194.740000000001
1194.2800000000009
1195.000000000001
1196.440000000001
1195.9800000000007
1195.9800000000007
1196.7000000000007
1197.4200000000008
1197.4200000000008
1197.4200000000008
1197.9100000000008
1199.0900000000006
1199.0900000000006
1200.7600000000007
1200.7600000000007
1200.7600000000007
1200.7600000000007
1201.9400000000005
1203.3800000000006
1203.3800000000006
1205.0500000000004
1205.7700000000004
1206.2300000000002
1206.9500000000003
1206.9500000000003
1206.9500000000003
1206.9500000000003
1206.9500000000003
1206.9500000000003
1206.9500000000003
1206.9500000000003
1206.9500000000003
1208.13
1208.13
1208.13
1207.64
1208.13
1209.5700000000002
1210.7500000000002
1210.2600000000002
1209.8000000000002
1211.2400000000002
1212.68
1212.22
1212.68
1212.68
1213.4
1212.22
1212.7100000000003
1211.7600000000002
1211.7600000000002
1211.7600000000002
1213.43
1212.9700000000003
1212.9700000000003
1212.9700000000003
1213.6900000000003
1213.6900000000003
1213.6900000000003
1213.6900000000003
1212.7400000000005
1212.7400000000005
1212.7400000000005
1214.1800000000003
1214.6700000000003
1215.6200000000003
1216.8000000000006
1215.8500000000004
1215.3600000000004
1215.8500000000004
1216.5700000000004
1216.5700000000004
1217.7500000000002
1217.2900000000002
1217.2900000000002
1218.7300000000002
1218.7300000000002
1220.8900000000003
1222.3300000000004
1223.5100000000002
1224.0000000000002
1224.4900000000002
1225.2100000000003
1225.2100000000003
1225.6700000000003
1227.3400000000004
1226.1600000000003
1227.6000000000004
1226.6500000000005
1225.7000000000005
1226.4200000000005
1228.5800000000004
1229.0400000000004
1229.0400000000004
1231.2000000000003
1230.4800000000005
1231.6600000000003
1232.1200000000003
1232.8400000000004
1234.2800000000004
1234.7700000000004
1234.7700000000004
1234.7700000000004
1235.9800000000005
1235.9800000000005
1235.9800000000005
1237.4200000000003
1237.4200000000003
1235.5200000000002
1235.5200000000002
1235.5200000000002
1235.5200000000002
1235.0600000000002
1235.0600000000002
1235.0600000000002
1235.7800000000002
1235.7800000000002
1235.7800000000002
1235.7800000000002
1236.2400000000002
1237.4200000000003
1237.4200000000003
1237.4200000000003
1237.4200000000003
1238.8600000000001
1238.8600000000001
1240.5300000000002
1241.9700000000003
1242.4600000000003
1242.0000000000002
1242.0000000000002
1242.0000000000002
1242.0000000000002
1242.0000000000002
1241.2800000000002
1241.2800000000002
1241.2800000000002
1241.2800000000002
1241.2800000000002
1241.7400000000002
1241.7400000000002
1241.7400000000002
1241.7400000000002
1241.7400000000002
1242.2000000000003
1241.7400000000005
1241.7400000000005
1241.7400000000005
1242.4600000000005
1242.9200000000005
1244.3600000000006
1245.8000000000004
1244.1300000000003
1243.6400000000003
1243.1500000000003
1243.1500000000003
1243.1500000000003
1242.6900000000005
1243.1800000000005
1244.8500000000004
1244.8500000000004
1245.5700000000004
1245.5700000000004
1245.1100000000006
1244.6500000000005
1244.6500000000005
1245.1100000000006
1246.0600000000006
1245.6000000000008
1247.760000000001
1249.2000000000007
1249.9200000000008
1252.0800000000008
1251.360000000001
1252.310000000001
1253.750000000001
1254.930000000001
1254.930000000001
1254.930000000001
1255.650000000001
1255.650000000001
1256.6000000000008
1258.5000000000007
1258.5000000000007
1258.5000000000007
1258.5000000000007
1258.5000000000007
1258.5000000000007
1258.5000000000007
1258.9900000000007
1258.9900000000007
1259.4800000000007
1259.4800000000007
1259.4800000000007
1256.8600000000008
1256.8600000000008
1257.3500000000008
1257.1200000000008
1257.1200000000008
1259.020000000001
1258.3000000000009
1258.7900000000009
1258.7900000000009
1260.460000000001
1260.460000000001
1260.460000000001
1261.410000000001
1261.410000000001
1262.130000000001
1262.130000000001
1262.130000000001
1261.410000000001
1261.410000000001
1261.410000000001
1257.810000000001
1258.530000000001
1259.2500000000011
1259.2500000000011
1259.2500000000011
1259.2500000000011
1259.2500000000011
1259.2500000000011
1259.2500000000011
1259.2500000000011
1259.2500000000011
1260.200000000001
1260.200000000001
1260.200000000001
1257.5500000000009
1257.5500000000009
1258.270000000001
1258.270000000001
1258.760000000001
1258.760000000001
1258.760000000001
1258.760000000001
1258.300000000001
1258.300000000001
1257.8400000000013
1257.8400000000013
1258.3300000000013
1258.3300000000013
1258.3300000000013
1258.8200000000013
1258.8200000000013
1259.3100000000013
1259.3100000000013
1259.3100000000013
1259.3100000000013
1258.5900000000013
1259.310000000001
1259.800000000001
1261.2400000000011
1262.680000000001
1263.860000000001
1263.860000000001
1265.760000000001
1265.3000000000009
1264.8100000000009
1264.8100000000009
1265.990000000001
1265.5300000000009
1267.690000000001
1267.690000000001
1267.200000000001
1267.200000000001
1266.7400000000011
1268.4100000000012
1268.4100000000012
1268.4100000000012
1269.3600000000013
1269.8500000000013
1269.8500000000013
1269.8500000000013
1269.8500000000013
1269.8500000000013
1270.3100000000013
1270.3100000000013
1269.1300000000012
1269.8500000000013
1269.3900000000012
1269.3900000000012
1270.1100000000013
1270.8300000000013
1271.2900000000013
1271.2900000000013
1271.2900000000013
1272.0100000000014
1272.0100000000014
1270.6000000000013
1270.6000000000013
1271.5500000000013
1271.5500000000013
1271.5500000000013
1271.5500000000013
1271.5500000000013
1271.5500000000013
1271.0600000000013
1271.0600000000013
1271.5500000000013
1271.5500000000013
1272.2700000000013
1272.2700000000013
1272.2700000000013
1272.2700000000013
1273.4500000000014
1273.4500000000014
1273.4500000000014
1273.4500000000014
1273.4500000000014
1273.4500000000014
1273.4500000000014
1273.9400000000014
1274.4000000000015
1274.4000000000015
1274.4000000000015
1275.1200000000015
1275.1200000000015
1274.1700000000014
1274.8900000000015
1274.8900000000015
1275.3500000000015
1275.3500000000015
1274.4000000000015
1273.9400000000016
1273.2200000000016
1274.4000000000015
1274.4000000000015
1274.4000000000015
1274.8600000000015
1275.8100000000015
1276.7600000000016
1276.7600000000016
1277.7100000000016
1277.7100000000016
1277.7100000000016
1277.7100000000016
1278.2000000000016
1278.9200000000017
1279.3800000000015
1279.3800000000015
1280.5600000000013
1281.0200000000013
1281.7400000000014
1280.7900000000013
1280.7900000000013
1280.7900000000013
1281.2500000000014
1281.2500000000014
1281.2500000000014
1281.7400000000014
1282.2300000000014
1282.2300000000014
1282.9500000000012
1283.9000000000012
1283.9000000000012
1283.9000000000012
1284.6200000000013
1285.1100000000013
1285.1100000000013
1284.6500000000012
1284.1900000000014
1284.1900000000014
1284.1900000000014
1284.9100000000014
1284.9100000000014
1285.4000000000012
1284.9400000000014
1284.9400000000014
1285.1700000000014
1285.1700000000014
1285.1700000000014
1286.3500000000013
1286.3500000000013
1286.8100000000013
1287.9900000000014
1289.1700000000012
1289.1700000000012
1289.1700000000012
1289.1700000000012
1290.610000000001
1290.610000000001
1292.2800000000009
1292.2800000000009
1291.7900000000009
1292.510000000001
1292.020000000001
1292.020000000001
1292.510000000001
1292.510000000001
1292.510000000001
1293.4600000000007
1293.9500000000007
1292.510000000001
1292.510000000001
1292.510000000001
1292.020000000001
1291.5300000000009
1292.250000000001
1293.200000000001
1293.660000000001
1292.2200000000012
1292.940000000001
1292.4500000000012
1293.400000000001
1293.400000000001
1292.4500000000012
1292.4500000000012
1294.350000000001
1294.350000000001
1294.350000000001
1295.070000000001
1295.070000000001
1295.070000000001
1295.560000000001
1297.0000000000011
1297.0000000000011
1297.0000000000011
1296.050000000001
1296.050000000001
1296.7700000000011
1296.7700000000011
1296.7700000000011
1298.210000000001
1297.720000000001
1299.3900000000008
1299.3900000000008
1299.3900000000008
1299.3900000000008
1300.1100000000008
1300.1100000000008
1300.1100000000008
1300.1100000000008
1300.8300000000008
1301.2900000000009
1302.9600000000007
1302.9600000000007
1302.9600000000007
1301.0600000000006
1301.0600000000006
1301.0600000000006
1300.1100000000008
1300.1100000000008
1300.1100000000008
1299.6500000000008
1300.3700000000008
1300.3700000000008
1300.3700000000008
1299.4200000000008
1299.9100000000008
1300.6300000000008
1300.6300000000008
1300.6300000000008
1300.6300000000008
1300.6300000000008
1300.6300000000008
1300.6300000000008
1301.8100000000006
1301.8100000000006
1301.3500000000008
1301.3500000000008
1302.7900000000006
1302.7900000000006
1302.7900000000006
1303.7400000000005
1304.2300000000007
1304.2300000000007
1304.2300000000007
1304.9500000000007
1304.9500000000007
1304.4600000000007
1304.4600000000007
1304.6900000000007
1304.6900000000007
1304.6900000000007
1304.6900000000007
1304.6900000000007
1305.8700000000006
1305.3800000000006
1305.3800000000006
1305.3800000000006
1306.1000000000006
1307.2800000000004
1308.9500000000003
1308.9500000000003
1308.9500000000003
1308.9500000000003
1308.9500000000003
1308.9500000000003
1309.4400000000003
1309.9000000000003
1309.9000000000003
1311.3400000000004
1311.3400000000004
1311.3400000000004
1311.3400000000004
1311.3400000000004
1310.8500000000004
1310.8500000000004
1310.8500000000004
1310.8500000000004
1310.8500000000004
1310.8500000000004
1310.8500000000004
1310.8500000000004
1310.8500000000004
1310.8500000000004
1310.8500000000004
1312.0300000000002
1311.5400000000002
1311.5400000000002
1309.8700000000003
1310.3300000000004
1310.3300000000004
1311.2800000000004
1311.2800000000004
1311.2800000000004
1311.2800000000004
1311.2800000000004
1311.7700000000004
1311.7700000000004
1312.2600000000004
1312.2600000000004
1312.2600000000004
1312.2600000000004
1312.2600000000004
1312.2600000000004
1311.3100000000004
1311.3100000000004
1312.2600000000004
1312.7500000000005
1312.7500000000005
1312.2600000000004
1312.7200000000005
1312.2300000000005
1313.1800000000005
1313.9000000000005
1314.8500000000006
1316.7500000000005
1316.2900000000006
1316.7800000000007
1316.7800000000007
1318.9400000000007
1318.9400000000007
1319.6600000000008
1320.1200000000008
1320.1200000000008
1320.1200000000008
1319.4000000000008
1319.4000000000008
1319.4000000000008
1319.4000000000008
1319.4000000000008
1319.4000000000008
1318.9100000000008
1318.9100000000008
1318.4200000000008
1318.4200000000008
1318.4200000000008
1318.4200000000008
1318.4200000000008
1319.3700000000008
1319.3700000000008
1319.3700000000008
1318.6500000000008
1318.6500000000008
1318.6500000000008
1320.0900000000008
1320.5500000000006
1320.5500000000006
1320.5500000000006
1321.0400000000006
1321.0400000000006
1321.0400000000006
1320.3200000000006
1320.3200000000006
1319.6000000000006
1319.6000000000006
1319.6000000000006
1320.0900000000006
1320.0900000000006
1320.0900000000006
1317.4400000000005
1318.6200000000006
1319.3400000000006
1320.0600000000006
1320.0600000000006
1320.0600000000006
1320.0600000000006
1319.6000000000004
1320.5500000000006
1321.0100000000007
1321.0100000000007
1321.0100000000007
1321.0100000000007
1321.0100000000007
1322.1900000000005
1322.1900000000005
1322.6500000000005
1322.6500000000005
1322.1600000000005
1322.1600000000005
1322.1600000000005
1322.6500000000005
1322.6500000000005
1322.1900000000005
1322.1900000000005
1322.1900000000005
1321.4700000000005
1321.9300000000005
1322.4200000000005
1323.1400000000006
1325.3000000000006
1325.3000000000006
1325.3000000000006
1326.4800000000005
1326.4800000000005
1327.9200000000005
1329.1000000000006
1329.5600000000006
1330.2800000000004
1331.0000000000005
1331.0000000000005
1331.0000000000005
1331.0000000000005
1331.0000000000005
1331.0000000000005
1330.5100000000004
1331.2300000000005
1331.2300000000005
1331.2300000000005
1332.4100000000005
1331.9500000000005
1333.1300000000003
1333.5900000000004
1333.5900000000004
1333.5900000000004
1334.3100000000004
1334.7700000000004
1334.7700000000004
1334.7700000000004
1336.6700000000005
1337.1300000000003
1337.1300000000003
1336.1800000000005
1336.1800000000005
1336.1800000000005
1336.1800000000005
1336.1800000000005
1336.1800000000005
1336.1800000000005
1337.1300000000006
1337.1300000000006
1337.1300000000006
1337.1300000000006
1337.1300000000006
1337.8500000000004
1339.5200000000004
1339.5200000000004
1340.4700000000003
1340.4700000000003
1340.4700000000003
1340.4700000000003
1341.4200000000003
1342.8600000000001
1342.8600000000001
1342.8600000000001
1343.5800000000002
1343.5800000000002
1342.8600000000001
1342.8600000000001
1343.3500000000001
1343.3500000000001
1343.3500000000001
1343.3500000000001
1343.3500000000001
1343.8100000000002
1346.43
1346.43
1346.43
1346.92
1346.92
1346.92
1346.92
1347.3799999999999
1347.84
1349.2799999999997
1349.2799999999997
1349.2799999999997
1350.2299999999998
1350.7199999999998
1350.7199999999998
1351.2099999999998
1351.2099999999998
1351.6699999999996
1351.6699999999996
1351.6699999999996
1351.2099999999996
1351.6999999999996
1352.1899999999996
1352.1899999999996
1353.3699999999997
1353.3699999999997
1353.3699999999997
1353.3699999999997
1353.3699999999997
1353.3699999999997
1353.3699999999997
1352.6499999999996
1352.6499999999996
1353.8299999999995
1353.3699999999994
1354.0899999999995
1355.5299999999995
1355.5299999999995
1355.5299999999995
1355.5299999999995
1355.5299999999995
1355.5299999999995
1354.3499999999995
1354.3499999999995
1354.3499999999995
1354.3499999999995
1354.3499999999995
1355.5299999999993
1355.5299999999993
1356.0199999999993
1356.0199999999993
1357.9199999999992
1358.379999999999
1358.379999999999
1358.379999999999
1358.379999999999
1358.379999999999
1358.379999999999
1358.379999999999
1358.379999999999
1359.329999999999
1360.9999999999989
1360.9999999999989
1360.9999999999989
1360.9999999999989
1360.9999999999989
1360.9999999999989
1360.9999999999989
1360.9999999999989
1360.9999999999989
1360.0499999999988
1360.0499999999988
1360.0499999999988
1360.0499999999988
1360.0499999999988
1360.0499999999988
1360.0499999999988
1360.0499999999988
1360.0499999999988
1360.0499999999988
1360.0499999999988
1360.5399999999988
1361.9799999999989
1362.469999999999
1362.469999999999
1362.0099999999989
1361.059999999999
1361.5199999999988
1361.5199999999988
1362.2399999999989
1362.2399999999989
1361.779999999999
1361.779999999999
1361.779999999999
1361.319999999999
1361.7799999999988
1363.939999999999
1363.939999999999
1363.939999999999
1365.1199999999988
1367.0199999999988
1367.0199999999988
1367.0199999999988
1367.0199999999988
1367.4799999999989
1367.4799999999989
1366.9899999999989
1366.9899999999989
1366.9899999999989
1366.9899999999989
1366.9899999999989
1366.9899999999989
1366.9899999999989
1366.2699999999988
1366.2699999999988
1366.2699999999988
1366.2699999999988
1366.2699999999988
1366.7299999999987
1365.7799999999986
1365.7799999999986
1366.2399999999986
1366.2399999999986
1365.7499999999986
1366.4699999999987
1366.4699999999987
1366.4699999999987
1366.9599999999987
1367.9099999999987
1367.9099999999987
1367.9099999999987
1367.9099999999987
1367.9099999999987
1367.4499999999987
1367.4499999999987
1367.4499999999987
1367.9399999999987
1368.8899999999987
1368.8899999999987
1368.8899999999987
1368.8899999999987
1368.8899999999987
1368.8899999999987
