2
4
7
10
13
15
16
19
20
21
24
27
29
31
33
36
37
38
39
40
41
44
47
49
51
53
56
57
59
60
63
64
65
66
69
71
74
77
78
80
83
84
87
89
91
93
94
97
98
101
102
103
106
107
110
113
114
117
119
121
123
124
126
129
131
133
136
139
140
142
143
145
146
149
151
152
154
155
156
159
160
161
162
163
164
166
169
171
172
174
176
177
179
181
184
186
187
190
193
194
197
199
202
205
208
210
211
212
214
216
219
220
223
226
229
231
234
236
236
239
239
242
244
247
249
252
254
257
258
260
263
264
267
269
271
273
274
275
278
280
281
282
284
286
288
289
292
294
297
297
299
301
304
306
308
311
314
315
318
320
323
325
326
327
328
328
331
333
334
336
338
339
341
343
346
348
350
350
351
354
356
358
361
363
365
368
371
374
376
378
379
382
385
388
391
393
396
398
398
399
401
403
404
406
408
409
410
411
412
413
416
419
421
423
425
426
429
432
433
435
438
441
444
446
447
450
451
451
452
454
456
459
460
463
464
467
470
472
475
476
478
481
482
484
487
490
490
491
493
496
497
499
501
503
505
506
507
509
512
515
516
517
520
523
526
527
528
531
534
534
535
536
538
540
543
545
545
547
548
549
551
552
553
554
555
558
560
562
562
565
566
567
569
571
574
575
577
578
579
580
583
585
588
588
590
593
594
595
597
597
598
600
602
605
607
609
612
614
615
618
621
624
624
626
626
628
629
630
633
634
637
640
643
645
646
647
650
650
652
654
657
657
659
661
662
664
667
670
671
673
676
678
680
682
683
685
687
690
691
692
694
695
696
697
699
700
703
705
706
708
708
709
711
712
715
718
720
723
726
726
729
730
732
734
737
738
740
743
743
744
745
747
749
751
753
754
754
756
759
760
763
763
764
767
769
771
773
776
778
781
784
785
787
790
791
794
797
799
800
800
803
806
807
808
811
813
814
816
817
818
821
824
827
828
831
833
836
838
840
841
842
843
844
844
847
849
851
854
854
855
858
860
862
863
865
867
870
871
872
874
874
876
879
880
882
884
886
888
888
891
893
895
898
901
904
905
906
909
909
912
914
915
917
919
919
920
921
924
926
927
930
931
934
937
940
941
942
944
945
946
949
950
950
953
956
958
958
958
958
958
958
961
964
966
967
968
968
971
974
974
976
977
977
980
981
983
985
988
991
992
993
995
997
999
999
1002
1002
1004
1004
1005
1006
1006
1009
1009
1012
1015
1017
1020
1020
1022
1022
1025
1028
1031
1031
1033
1033
1036
1039
1039
1042
1043
1046
1047
1049
1050
1051
1054
1054
1055
1057
1060
1060
1061
1064
1065
1066
1066
1067
1070
1073
1074
1075
1076
1077
1077
1079
1080
1080
1082
1085
1088
1090
1091
1092
1093
1094
1095
1096
1097
1099
1100
1100
1102
1105
1107
1110
1110
1111
1111
1112
1112
1114
1116
1117
1118
1119
1122
1124
1124
1124
1127
1128
1130
1131
1132
1135
1136
1139
1142
1144
1146
1147
1150
1151
1154
1157
1160
1160
1161
1162
1165
1167
1168
1168
1170
1170
1170
1172
1172
1174
1175
1177
1178
1178
1179
1182
1182
1183
1184
1186
1187
1190
1190
1192
1193
1194
1196
1198
1201
1204
1206
1207
1210
1210
1213
1213
1213
1213
1215
1217
1219
1220
1220
1222
1222
1224
1227
1227
1229
1232
1235
1236
1237
1237
1237
1237
1238
1238
1241
1242
1245
1245
1248
1251
1251
1252
1253
1253
1255
1255
1257
1260
1260
1262
1264
1266
1266
1267
1267
1267
1269
1269
1270
1270
1272
1272
1274
1275
1277
1278
1280
1282
1282
1283
1283
1286
1288
1290
1291
1292
1292
1293
1293
1294
1297
1299
1299
1299
1300
1300
1303
1303
1304
1306
1307
1307
1307
1309
1309
1311
1314
1316
1317
1319
1319
1319
1321
1322
1325
1327
1329
1330
1330
1331
1333
1336
1338
1338
1341
1342
1342
1343
1343
1346
1346
1349
1352
1355
1356
1356
1356
1358
1359
1360
1361
1362
1362
1363
1364
1366
1369
1371
1371
1373
1374
1374
1377
1378
1380
1381
1383
1383
1384
1384
1386
1387
1390
1391
1391
1392
1393
1395
1395
1397
1400
1402
1403
1404
1406
1406
1408
1410
1411
1414
1414
1414
1417
1419
1420
1423
1426
1427
1427
1427
1429
1429
1431
1432
1434
1434
1436
1439
1439
1441
1441
1441
1443
1444
1444
1445
1445
1447
1449
1450
1453
1454
1457
1458
1458
1459
1460
1461
1464
1464
1467
1470
1472
1473
1473
1474
1477
1477
1479
1479
1479
1479
1479
1481
1483
1484
1485
1485
1488
1488
1490
1490
1490
1492
1493
1493
1496
1498
1499
1499
1501
1503
1503
1504
1505
1508
1509
1509
1510
1513
1515
1518
1518
1518
1518
1520
1522
1522
1525
1526
1528
1529
1529
1529
1529
1529
1529
1529
1530
1531
1533
1533
1535
1535
1536
1538
1541
1541
1541
1544
1546
1546
1548
1548
1550
1551
1552
1552
1552
1552
1555
1555
1556
1556
1557
1557
1557
1557
1558
1559
1559
1561
1562
1565
1567
1567
1567
1568
1569
1569
1571
1571
1571
1573
1573
1576
1578
1580
1583
1584
1585
1585
1587
1590
1591
1593
1596
1596
1597
1600
1602
1603
1606
1607
1609
1611
1613
1615
1616
1616
1616
1618
1618
1618
1620
1620
1623
1623
1623
1623
1623
1623
1624
1625
1625
1625
1625
1628
1631
1631
1632
1632
1634
1634
1637
1639
1640
1640
1640
1640
1640
1641
1642
1642
1643
1643
1644
1647
1647
1649
1649
1649
1651
1651
1651
1651
1653
1655
1657
1659
1660
1660
1660
1660
1660
1660
1661
1664
1664
1665
1665
1665
1665
1665
1667
1670
1670
1673
1675
1676
1679
1680
1683
1686
1688
1690
1690
1691
1691
1694
1697
1697
1698
1698
1698
1698
1698
1699
1699
1700
1700
1700
1702
1703
1704
1706
1706
1709
1711
1714
1715
1718
1718
1718
1721
1721
1722
1722
1722
1723
1723
1723
1724
1726
1727
1727
1727
1727
1728
1728
1728
1729
1729
1732
1732
1732
1732
1732
1733
1733
1734
1734
1734
1734
1737
1737
1737
1737
1738
1738
1740
1741
1741
1742
1742
1742
1742
1743
1744
1745
1747
1749
1751
1751
1754
1755
1755
1755
1756
1756
1759
1759
1759
1760
1761
1764
1764
1764
1767
1768
1768
1768
1769
1770
1773
1775
1776
1777
1777
1777
1778
1779
1781
1781
1781
1783
1783
1786
1786
1787
1789
1790
1791
1792
1792
1792
1792
1795
1795
1796
1796
1796
1796
1798
1798
1798
1798
1798
1798
1798
1799
1802
1802
1802
1803
1803
1804
1807
1807
1809
1809
1809
1809
1810
1812
1812
1812
1815
1818
1821
1822
1825
1825
1827
1829
1832
1835
1837
1840
1843
1846
1847
1847
1847
1847
1849
1849
1849
1852
1853
1853
1854
1857
1857
1857
1858
1859
1859
1859
1861
1861
1861
1862
1862
1863
1863
1863
1866
1866
1866
1869
1869
1871
1873
1875
1875
1875
1875
1877
1877
1880
1880
1880
1881
1881
1881
1882
1882
1882
1885
1886
1887
1887
1888
1888
1890
1891
1894
1896
1897
1898
1898
1901
1901
1901
1901
1904
1904
1904
1906
1906
1906
1907
1909
1911
1911
1911
1913
1915
1918
1920
1922
1922
1925
1925
1925
1925
1927
1927
1927
1927
1928
1930
1933
1933
1934
1935
1935
1936
1936
1936
1936
1936
1937
1937
1937
1938
1939
1941
1941
1941
1941
1941
1941
1941
1943
1943
1943
1943
1945
1945
1945
1948
1949
1949
1949
1950
1951
1954
1954
1956
1956
1956
1956
1956
1958
1958
1958
1959
1960
1962
1965
1965
1965
1965
1965
1965
1966
1968
1968
1970
1970
1970
1970
1970
1970
1970
1970
1970
1970
1971
1971
1971
1971
1972
1972
1974
1974
1974
1974
1976
1976
1979
1979
1979
1980
1980
1981
1981
1982
1982
1982
1982
1982
1982
1982
1983
1986
1987
1987
1987
1989
1989
1992
1993
1996
1999
1999
2000
2000
2003
2003
2004
2006
2006
2006
2007
2007
2008
2008
2008
2008
2008
2008
2008
2008
2008
2008
2008
2011
2011
2011
2012
2012
2012
2014
2016
2016
2016
2017
2017
2017
2018
2019
2021
2021
2021
2022
2022
2022
2022
2025
2027
2028
2028
2028
2028
2028
2031
2033
2033
2033
2033
2033
2035
2035
2037
2037
2037
2037
2037
2038
2039
2039
2039
2039
2041
2043
2044
2046
2049
2050
2050
2052
2052
2054
2056
2059
2060
2061
2061
2061
2062
2062
2062
2062
2064
2064
2064
2067
2068
2070
2072
2072
2072
2073
2076
2076
2076
2079
2081
2081
2081
2081
2081
2081
2081
2082
2084
2087
2087
2089
2089
2089
2090
2093
2093
2096
2096
2096
2098
2101
2103
2103
2105
2106
2106
2107
2107
2108
2108
2108
2108
2108
2110
2113
2113
2113
2114
2114
2114
2114
2117
2119
2121
2121
2121
2124
2125
2125
2126
2126
2128
2128
2129
2129
2130
2131
2131
2133
2135
2135
2135
2136
2136
2136
2137
2137
2139
2141
2142
2144
2146
2146
2146
2146
2147
2149
2149
2149
2150
2150
2152
2152
2153
2154
2157
2160
2163
2163
2164
2164
2164
2164
2164
2167
2170
2170
2170
2170
2170
2170
2172
2172
2174
2174
2174
2174
2174
2174
2174
2174
2174
2174
2174
2174
2175
2177
2180
2180
2180
2180
2182
2182
2184
2184
2184
2184
2185
2185
2187
2190
2192
2193
2196
2199
2199
2200
2200
2202
2202
2204
2204
2205
2205
2205
2205
2205
2206
2206
2206
2206
2206
2208
2208
2209
2211
2211
2211
2213
2213
2213
2214
2217
2217
2219
2219
2219
2220
2220
2220
2221
2224
2224
2224
2225
2225
2225
