538.4800000000001
538.4800000000001
881.32
881.32
910.36
910.36
925.48
925.48
925.48
925.48
895.84
895.84
7.230000000000221
7.230000000000221
973.48
973.48
895.84
895.84
789.0200000000001
789.0200000000001
699.3100000000001
699.3100000000001
820.6500000000001
820.6500000000001
775.8900000000001
775.8900000000001
45.35000000000023
45.35000000000023
42.95000000000016
42.95000000000016
186.52000000000012
186.52000000000012
516.5100000000002
516.5100000000002
730.3399999999999
730.3399999999999
471.9400000000001
471.9400000000001
369.5100000000001
369.5100000000001
186.52000000000012
186.52000000000012
12.969999999999992
12.969999999999992
79.8600000000001
79.8600000000001
65.53000000000026
65.53000000000026
722.97
722.97
172.95
172.95
98.3900000000001
98.3900000000001
126.99000000000018
126.99000000000018
483.00000000000017
483.00000000000017
