988.0
973.48
973.48
958.36
988.0
988.0
988.0
988.0
988.0
958.36
988.0
988.0
988.0
973.48
988.0
988.0
988.0
988.0
973.48
988.0
958.36
988.0
988.0
973.48
988.0
973.48
988.0
988.0
958.36
988.0
927.33
927.33
988.0
988.0
958.36
927.33
897.69
988.0
912.8100000000001
973.48
973.48
988.0
988.0
973.48
897.69
928.72
943.24
942.45
973.48
988.0
821.11
912.8100000000001
973.48
942.45
866.6600000000001
927.3299999999999
927.33
988.0
943.24
944.4399999999999
912.8100000000001
943.24
790.87
882.57
942.45
884.78
882.57
852.9300000000001
943.24
805.99
822.9100000000001
899.3
774.96
898.48
790.87
806.78
898.48
806.78
822.5
838.4100000000001
807.38
856.34
805.99
821.9000000000001
806.78
837.8100000000001
837.8100000000001
806.78
837.8100000000001
806.78
776.35
853.53
869.44
983.68
