881.32
881.32
910.36
910.36
925.48
925.48
925.48
925.48
895.84
895.84
895.84
895.84
789.0200000000001
789.0200000000001
699.3100000000001
699.3100000000001
820.6500000000001
820.6500000000001
775.8900000000001
775.8900000000001
516.5100000000002
516.5100000000002
730.3399999999999
730.3399999999999
471.9400000000001
471.9400000000001
369.5100000000001
369.5100000000001
186.52000000000012
186.52000000000012
172.95
172.95
98.3900000000001
98.3900000000001
126.99000000000018
126.99000000000018
483.00000000000017
483.00000000000017
