1
4
7
8
10
11
12
14
17
18
20
23
26
29
32
35
37
38
41
42
45
46
47
53
54
57
59
61
64
67
70
71
74
77
80
81
82
83
86
88
89
92
93
96
98
101
102
104
105
108
110
113
116
117
120
121
123
126
129
131
132
134
136
138
141
142
143
146
147
149
151
154
157
158
159
162
165
168
169
171
172
173
175
176
178
179
180
181
184
187
190
192
193
194
195
198
200
202
203
204
205
208
210
211
214
217
220
223
224
227
232
235
236
238
239
241
244
246
249
250
251
254
257
260
263
266
268
271
272
274
275
276
279
282
283
286
288
290
292
295
296
297
298
299
302
303
304
307
310
313
316
317
320
322
323
325
325
325
327
330
331
334
335
337
338
339
342
343
346
348
349
352
354
354
355
356
357
362
363
366
367
368
373
374
375
378
381
383
385
387
388
388
390
392
398
401
402
404
410
412
415
418
419
421
422
423
424
426
429
431
433
436
438
442
447
449
450
453
456
457
458
461
466
468
471
474
475
476
478
481
486
487
488
490
491
493
496
497
500
501
501
504
506
509
512
513
514
515
520
522
525
529
531
533
535
536
539
542
543
549
551
555
561
563
564
565
565
568
569
575
576
579
582
582
585
586
589
592
593
594
595
597
599
599
600
601
604
605
608
609
612
614
617
618
620
624
626
628
631
632
633
635
639
640
642
644
644
644
645
647
651
651
651
652
655
655
657
659
660
661
667
668
674
674
674
677
678
680
684
684
689
691
692
694
695
697
701
705
707
708
710
713
716
716
718
720
723
723
724
726
726
729
730
731
732
732
734
735
738
739
743
746
748
749
750
750
752
755
756
760
762
763
765
768
773
775
777
777
783
786
790
795
797
800
802
804
806
809
814
816
816
820
823
824
825
826
826
828
829
831
832
833
839
845
845
846
847
849
850
852
857
857
860
866
868
869
870
871
872
872
876
877
883
884
889
892
894
896
899
905
907
909
914
914
914
917
919
922
925
926
928
929
931
934
934
934
938
942
943
944
945
948
951
954
956
957
958
959
960
961
965
967
967
968
969
970
972
973
974
977
980
982
984
988
993
994
997
998
1003
1004
1004
1009
1012
1015
1021
1023
1025
1025
1025
1025
1025
1030
1032
1035
1037
1038
1039
1039
1043
1045
1045
1048
1049
1053
1053
1054
1058
1064
1066
1067
1069
1070
1072
1077
1078
1080
1084
1084
1085
1085
1085
1087
1088
1091
1091
1093
1094
1095
1101
1103
1107
1110
1113
1116
1116
1118
1118
1124
1125
1127
1127
1128
1131
1133
1134
1138
1141
1142
1145
1146
1146
1149
1151
1152
1154
1155
1158
1163
1165
1171
1171
1171
1176
1178
1179
1181
1182
1188
1188
1191
1192
1192
1193
1198
1203
1203
1209
1215
1221
1223
1223
1224
1226
1226
1228
1231
1236
1237
1239
1244
1244
1245
1246
1247
1249
1252
1255
1257
1260
1262
1267
1268
1270
1270
1272
1274
1274
1274
1275
1276
1278
1279
1283
1287
1288
1290
1291
1293
1294
1295
1301
1305
1311
1317
1319
1319
1324
1324
1327
1330
1335
1336
1337
1338
1340
1340
1340
1340
1341
1342
1343
1344
1349
1351
1353
1358
1360
1360
1360
1362
1364
1364
1364
1367
1371
1375
1377
1380
1380
1382
1383
1387
1388
1389
1390
1392
1392
1392
1397
1403
1408
1409
1411
1416
1417
1417
1419
1420
1420
1421
1422
1428
1430
1431
1433
1434
1435
1435
1440
1443
1445
1450
1451
1451
1453
1455
1457
1458
1461
1462
1463
1465
1466
1467
1472
1476
1479
1479
1479
1480
1482
1485
1485
1489
1489
1490
1491
1492
1492
1492
1494
1499
1500
1501
1502
1507
1509
1511
1511
1514
1514
1516
1518
1519
1521
1522
1522
1522
1523
1528
1534
1534
1537
1539
1544
1548
1552
1557
1559
1563
1566
1566
1566
1571
1572
1574
1575
1575
1576
1577
1578
1581
1582
1584
1585
1585
1589
1591
1596
1596
1596
1597
1599
1603
1603
1609
1609
1615
1616
1616
1617
1620
1620
1620
1622
1626
1628
1631
1632
1632
1633
1635
1636
1637
1637
1640
1640
1645
1651
1654
1654
1654
1654
1655
1656
1657
1658
1658
1659
1662
1666
1668
1669
1672
1673
1674
1674
1680
1683
1688
1694
1696
1702
1703
1704
1704
1704
1708
1711
1712
1714
1716
1716
1722
1724
1728
1728
1728
1728
1728
1732
1733
1735
1741
1741
1741
1743
1744
1745
1745
1745
1751
1757
1758
1762
1762
1764
1770
1776
1778
1779
1783
1784
1787
1790
1790
1790
1792
1794
1799
1804
1804
1808
1808
1809
1810
1811
1811
1813
1814
1814
1816
1818
1823
1824
1824
1826
1826
1829
1831
1831
1832
1832
1836
1837
1843
1845
1845
1851
1851
1851
1855
1855
1855
1857
1858
1861
1867
1869
1871
1871
1877
1880
1880
1885
1886
1886
1887
1887
1889
1894
1895
1897
1901
1901
1901
1902
1902
1908
1908
1908
1913
1913
1915
1915
1915
1917
1918
1922
1924
1924
1924
1924
1924
1926
1926
1927
1927
1928
1929
1934
1935
1935
1938
1940
1940
1943
1943
1947
1947
1947
1947
1948
1948
1949
1950
1950
1950
1951
1952
1952
1954
1956
1958
1958
1960
1965
1969
1971
1971
1973
1976
1976
1982
1982
1983
1983
1983
1984
1985
1986
1986
1987
1988
1989
1989
1993
1996
1998
2000
2001
2004
2004
2006
2008
2008
2011
2011
2011
2012
2012
2013
2017
2017
2023
2023
2024
2025
2025
2025
2027
2029
2030
2030
2030
2030
2031
2036
2037
2038
2039
2041
2041
2042
2043
2043
2043
2045
2046
2048
2050
2050
2053
2053
2053
2057
2057
2058
2058
2059
2059
2059
2059
2065
2066
2068
2068
2070
2070
2074
2074
2078
2082
2082
2082
2083
2085
2087
2087
2090
2096
2096
2102
2108
2108
2109
2110
2110
2112
2112
2112
2113
2113
2118
2122
2122
2128
2128
2133
2133
2133
2135
2136
2136
2138
2138
2144
2144
2147
2147
2151
2157
2157
2157
2158
2160
2161
2161
2162
2162
2162
2164
2170
2174
2174
2174
2176
2178
2181
2181
2185
2187
2189
2189
2191
2191
2194
2194
2199
2199
2203
2203
2203
2203
2209
2213
2213
2215
2221
2227
2229
2234
2237
2237
2242
2242
2242
2242
2246
2248
2248
2248
2248
2254
2254
2254
2254
2255
2255
2257
2262
2262
2262
2263
2264
2265
2267
2267
2267
2267
2268
2269
2273
2273
2273
2274
2274
2278
2279
2279
2283
2284
2285
2285
2285
2285
2291
2291
2291
2291
2291
2291
2291
2291
2291
2292
2292
2294
2298
2300
2302
2302
2303
2305
2305
2305
2305
2311
2311
2311
2314
2314
2314
2315
2315
2318
2318
2320
2324
2325
2331
2331
2336
2341
2341
2344
2346
2348
2348
2348
2349
2350
2354
2356
2356
2356
2356
2358
2360
2364
2364
2364
2364
2364
2364
2364
2366
2366
2366
2367
2371
2376
2376
2380
2386
2386
2387
2388
2394
2394
2399
2399
2399
2399
2399
2400
2400
2400
2402
2402
2402
2405
2405
2406
2406
2406
2406
2412
2416
2416
2417
2417
2423
2423
2423
2424
2430
2430
2431
2433
2434
2434
2434
2440
2441
2443
2445
2445
2445
2445
2446
2452
2452
2453
2457
2463
2463
2464
2464
2464
2468
2468
2470
2472
2476
2476
2477
2479
2479
2479
2480
2480
2481
2483
2484
2484
2484
2484
2490
2490
2491
2492
2492
2493
2494
2496
2496
2496
2496
2496
2496
2500
2506
2506
2508
2514
2516
2520
2522
2522
2522
2522
2523
2523
2523
2524
2524
2526
2532
2532
2532
2536
2536
2539
2539
2543
2543
2543
2545
2545
2545
2545
2551
2551
2551
2553
2553
2554
2554
2556
2557
2557
2563
2569
2570
2570
2575
2577
2577
2577
2577
2577
2581
2581
2581
2581
2587
2587
2587
2587
2587
2587
2589
2590
2591
2591
2591
2593
2594
2594
2594
2594
2594
2594
2594
2598
2599
2599
2603
2605
2605
2607
2607
2607
2607
2608
2609
2610
2611
2613
2614
2614
2618
2619
2625
2627
2627
2631
2635
2635
2636
2636
2641
2641
2641
2642
2642
2643
2645
2650
2650
2650
2656
2660
2661
2667
2669
2673
2673
2673
2673
2674
2674
2676
2681
2681
2681
2681
2682
2682
2688
2692
2694
2695
2695
2701
2702
2702
2704
2708
2708
2709
2710
2710
2710
2710
2712
2712
2712
2712
2712
2712
2717
2720
2720
2720
2720
2720
2722
2724
2728
2734
2734
2734
2734
2736
2736
2738
2740
2741
2741
2741
2741
2741
2741
2741
2741
2743
2743
2745
2745
2745
2745
2745
2745
2745
2747
2747
2747
2748
2754
2760
2761
2761
2761
2761
2761
2767
2767
2771
2771
2771
2777
2779
2779
2783
2783
2783
2784
2784
2786
2786
2788
2788
2789
2789
2789
2791
2795
2795
2795
2797
2798
2799
2799
2799
2799
2799
2799
2799
2799
2799
2799
2804
2810
2810
2810
2816
2822
2822
2827
2827
2828
2828
2828
2834
2834
2834
2834
2835
2836
2842
2845
2847
2849
2855
2855
2855
2859
2859
2859
2861
2867
2868
2868
2868
2868
2871
2871
2871
2871
2876
2876
2876
2876
2877
2877
2877
2877
2878
2879
2879
2883
2884
2884
2888
2888
2888
2890
2896
2896
2898
2898
2899
2905
2905
2905
2907
2907
2912
2912
2912
2912
2916
2916
2920
2920
2920
2920
2922
2922
2924
2925
2925
2925
2931
2931
2932
2932
2938
2938
2940
2940
2940
2940
2946
2946
2946
2948
2948
2948
2948
2950
2950
2955
2956
2956
2962
2962
2966
2966
2970
2970
2970
2970
2970
2970
2970
2970
2970
2970
2970
2971
2971
2972
2972
2972
