1
4
7
8
10
11
12
14
17
18
20
23
26
29
32
35
37
38
41
42
45
46
47
50
51
54
56
58
61
64
67
68
71
74
77
78
79
80
83
85
86
89
90
93
95
98
99
101
102
105
107
110
113
114
117
118
120
123
126
128
129
131
133
135
138
139
140
143
144
146
148
151
154
155
156
159
162
165
166
168
169
170
172
173
175
176
177
178
181
184
187
189
190
191
192
195
197
199
200
201
202
205
207
208
211
214
217
220
221
224
227
230
231
233
234
236
239
241
244
245
246
249
252
255
258
261
263
266
267
269
270
271
274
277
278
281
283
285
287
290
291
292
293
294
297
298
299
302
305
308
311
312
315
317
318
320
320
320
322
325
326
329
330
332
333
334
337
338
341
343
344
347
349
349
350
351
352
355
356
359
360
361
364
365
366
369
372
374
376
378
379
379
381
383
386
389
390
392
395
397
400
403
404
406
407
408
409
411
414
416
418
421
423
425
428
430
431
434
437
438
439
442
445
447
450
453
454
455
457
460
463
464
465
467
468
470
473
474
477
478
478
481
483
486
489
490
491
492
495
497
500
502
504
506
508
509
512
515
516
519
521
523
526
528
529
530
530
533
534
537
538
541
544
544
547
548
551
554
555
556
557
559
561
561
562
563
566
567
570
571
574
576
579
580
582
584
586
588
591
592
593
595
597
598
600
602
602
602
603
605
607
607
607
608
611
611
613
615
616
617
620
621
624
624
624
627
628
630
632
632
635
637
638
640
641
643
645
647
649
650
652
655
658
658
660
662
665
665
666
668
668
671
672
673
674
674
676
677
680
681
683
686
688
689
690
690
692
695
696
698
700
701
703
706
709
711
713
713
716
719
721
724
726
729
731
733
734
737
740
742
742
744
747
748
749
750
750
752
753
755
756
757
760
763
763
764
765
767
768
770
773
773
776
779
781
782
783
784
785
785
787
788
791
792
795
798
800
802
805
808
810
812
815
815
815
818
820
823
826
827
829
830
832
835
835
835
837
839
840
841
842
845
848
851
853
854
855
856
857
858
860
862
862
863
864
865
867
868
869
872
875
877
879
881
884
885
888
889
892
893
893
896
899
902
905
907
909
909
909
909
909
912
914
917
919
920
921
921
923
925
925
928
929
931
931
932
934
937
939
940
942
943
945
948
949
951
953
953
954
954
954
956
957
960
960
962
963
964
967
969
971
974
977
980
980
982
982
985
986
988
988
989
992
994
995
997
1000
1001
1004
1005
1005
1008
1009
1010
1011
1012
1015
1018
1019
1022
1022
1022
1025
1027
1028
1030
1031
1034
1034
1037
1038
1038
1039
1042
1045
1045
1048
1051
1054
1055
1055
1056
1058
1058
1060
1063
1066
1067
1069
1072
1072
1073
1074
1075
1077
1080
1083
1085
1088
1090
1093
1094
1096
1096
1098
1100
1100
1100
1101
1102
1104
1105
1107
1109
1110
1112
1113
1115
1116
1117
1120
1122
1125
1128
1130
1130
1133
1133
1136
1139
1142
1143
1144
1145
1147
1147
1147
1147
1148
1149
1150
1151
1154
1156
1158
1161
1163
1163
1163
1165
1167
1167
1167
1170
1172
1174
1175
1178
1178
1180
1181
1183
1184
1185
1186
1188
1188
1188
1191
1194
1197
1198
1200
1203
1204
1204
1206
1207
1207
1208
1209
1212
1213
1214
1216
1217
1218
1218
1221
1224
1225
1228
1229
1229
1231
1233
1235
1236
1239
1240
1241
1243
1244
1245
1248
1250
1253
1253
1253
1254
1255
1258
1258
1260
1260
1261
1262
1263
1263
1263
1265
1268
1269
1270
1271
1274
1276
1278
1278
1281
1281
1282
1284
1285
1287
1288
1288
1288
1289
1292
1295
1295
1298
1300
1303
1305
1307
1310
1312
1314
1317
1317
1317
1320
1321
1323
1324
1324
1325
1326
1327
1330
1331
1332
1333
1333
1335
1337
1340
1340
1340
1341
1343
1345
1345
1348
1348
1351
1352
1352
1353
1356
1356
1356
1358
1360
1362
1365
1366
1366
1367
1369
1370
1371
1371
1374
1374
1377
1380
1383
1383
1383
1383
1384
1385
1386
1387
1387
1388
1391
1393
1395
1396
1399
1400
1401
1401
1404
1407
1410
1413
1415
1418
1419
1420
1420
1420
1422
1425
1426
1428
1430
1430
1433
1435
1437
1437
1437
1437
1437
1439
1440
1441
1444
1444
1444
1446
1447
1448
1448
1448
1451
1454
1455
1457
1457
1458
1461
1464
1466
1467
1469
1470
1473
1476
1476
1476
1478
1480
1483
1486
1486
1488
1488
1489
1490
1491
1491
1493
1494
1494
1496
1498
1501
1502
1502
1504
1504
1507
1509
1509
1510
1510
1512
1513
1516
1518
1518
1521
1521
1521
1523
1523
1523
1525
1526
1529
1532
1534
1536
1536
1539
1542
1542
1545
1546
1546
1547
1547
1549
1552
1553
1555
1557
1557
1557
1558
1558
1561
1561
1561
1564
1564
1566
1566
1566
1567
1568
1570
1572
1572
1572
1572
1572
1573
1573
1574
1574
1575
1576
1579
1580
1580
1583
1584
1584
1587
1587
1589
1589
1589
1589
1590
1590
1591
1592
1592
1592
1593
1594
1594
1596
1598
1600
1600
1602
1605
1607
1609
1609
1611
1614
1614
1617
1617
1618
1618
1618
1619
1620
1621
1621
1622
1623
1624
1624
1626
1629
1630
1632
1633
1636
1636
1637
1639
1639
1642
1642
1642
1643
1643
1644
1646
1646
1649
1649
1650
1651
1651
1651
1653
1655
1656
1656
1656
1656
1657
1660
1661
1662
1663
1664
1664
1665
1666
1666
1666
1667
1668
1669
1671
1671
1674
1674
1674
1676
1676
1677
1677
1678
1678
1678
1678
1681
1682
1683
1683
1684
1684
1686
1686
1688
1690
1690
1690
1691
1692
1694
1694
1697
1700
1700
1703
1706
1706
1707
1708
1708
1710
1710
1710
1711
1711
1714
1716
1716
1719
1719
1722
1722
1722
1724
1725
1725
1726
1726
1729
1729
1732
1732
1734
1737
1737
1737
1738
1740
1741
1741
1742
1742
1742
1743
1746
1748
1748
1748
1749
1751
1754
1754
1756
1758
1760
1760
1761
1761
1764
1764
1767
1767
1769
1769
1769
1769
1772
1774
1774
1776
1779
1782
1784
1787
1790
1790
1793
1793
1793
1793
1795
1796
1796
1796
1796
1799
1799
1799
1799
1800
1800
1802
1805
1805
1805
1806
1807
1808
1810
1810
1810
1810
1811
1812
1814
1814
1814
1815
1815
1817
1818
1818
1820
1821
1822
1822
1822
1822
1825
1825
1825
1825
1825
1825
1825
1825
1825
1826
1826
1827
1829
1830
1831
1831
1832
1833
1833
1833
1833
1836
1836
1836
1839
1839
1839
1840
1840
1843
1843
1844
1846
1847
1850
1850
1853
1856
1856
1859
1860
1862
1862
1862
1863
1864
1866
1867
1867
1867
1867
1868
1870
1872
1872
1872
1872
1872
1872
1872
1873
1873
1873
1874
1876
1879
1879
1881
1884
1884
1885
1886
1889
1889
1892
1892
1892
1892
1892
1893
1893
1893
1894
1894
1894
1897
1897
1898
1898
1898
1898
1901
1903
1903
1904
1904
1907
1907
1907
1908
1911
1911
1912
1914
1915
1915
1915
1918
1919
1921
1923
1923
1923
1923
1924
1927
1927
1928
1930
1933
1933
1934
1934
1934
1936
1936
1937
1938
1940
1940
1941
1942
1942
1942
1943
1943
1944
1945
1946
1946
1946
1946
1949
1949
1950
1951
1951
1952
1953
1955
1955
1955
1955
1955
1955
1957
1960
1960
1962
1965
1966
1968
1970
1970
1970
1970
1971
1971
1971
1972
1972
1973
1976
1976
1976
1978
1978
1981
1981
1983
1983
1983
1984
1984
1984
1984
1987
1987
1987
1989
1989
1990
1990
1991
1992
1992
1995
1998
1999
1999
2002
2004
2004
2004
2004
2004
2006
2006
2006
2006
2009
2009
2009
2009
2009
2009
2010
2011
2012
2012
2012
2014
2015
2015
2015
2015
2015
2015
2015
2017
2018
2018
2020
2022
2022
2023
2023
2023
2023
2024
2025
2026
2027
2029
2030
2030
2032
2033
2036
2038
2038
2040
2042
2042
2043
2043
2046
2046
2046
2047
2047
2048
2049
2052
2052
2052
2055
2057
2058
2061
2062
2064
2064
2064
2064
2065
2065
2067
2070
2070
2070
2070
2071
2071
2074
2076
2078
2079
2079
2082
2083
2083
2084
2086
2086
2087
2088
2088
2088
2088
2089
2089
2089
2089
2089
2089
2092
2095
2095
2095
2095
2095
2097
2098
2100
2103
2103
2103
2103
2105
2105
2106
2107
2108
2108
2108
2108
2108
2108
2108
2108
2110
2110
2111
2111
2111
2111
2111
2111
2111
2112
2112
2112
2113
2116
2119
2120
2120
2120
2120
2120
2123
2123
2125
2125
2125
2128
2130
2130
2132
2132
2132
2133
2133
2134
2134
2135
2135
2136
2136
2136
2137
2139
2139
2139
2140
2141
2142
2142
2142
2142
2142
2142
2142
2142
2142
2142
2145
2148
2148
2148
2151
2154
2154
2157
2157
2158
2158
2158
2161
2161
2161
2161
2162
2163
2166
2169
2171
2172
2175
2175
2175
2177
2177
2177
2179
2182
2183
2183
2183
2183
2186
2186
2186
2186
2189
2189
2189
2189
2190
2190
2190
2190
2191
2192
2192
2194
2195
2195
2197
2197
2197
2198
2201
2201
2203
2203
2204
2207
2207
2207
2209
2209
2212
2212
2212
2212
2214
2214
2216
2216
2216
2216
2218
2218
2220
2221
2221
2221
2224
2224
2225
2225
2228
2228
2230
2230
2230
2230
2233
2233
2233
2235
2235
2235
2235
2236
2236
2239
2240
2240
2243
2243
2245
2245
2247
2247
2247
2247
2247
2247
2247
2247
2247
2247
2247
2248
2248
2249
2249
2249
