384.71999999999747
386.8799999999974
389.0399999999974
389.75999999999743
391.19999999999743
391.9199999999974
392.6399999999974
394.07999999999737
396.23999999999734
396.9599999999973
398.39999999999736
400.55999999999733
402.7199999999973
404.8799999999973
407.0399999999973
409.1999999999972
410.63999999999714
411.35999999999717
413.5199999999972
414.2399999999972
416.39999999999725
417.1199999999973
417.83999999999725
419.5099999999972
420.22999999999723
422.38999999999726
423.82999999999726
425.2699999999973
427.42999999999734
429.58999999999736
431.7499999999974
432.46999999999736
434.6299999999974
436.78999999999735
438.94999999999726
439.6699999999973
440.3899999999973
441.1099999999973
443.26999999999725
444.7099999999973
445.42999999999734
447.5899999999973
448.3099999999973
450.4699999999973
451.9099999999973
454.06999999999726
454.78999999999724
456.2299999999973
456.94999999999726
459.1099999999973
460.5499999999973
462.7099999999972
464.8699999999972
465.58999999999725
467.74999999999727
468.4699999999973
469.90999999999735
472.06999999999726
474.2299999999973
475.6699999999973
476.3899999999973
477.82999999999726
479.2699999999973
480.7099999999973
482.86999999999733
483.58999999999736
484.3099999999974
486.4699999999974
487.1899999999974
488.62999999999744
490.0699999999975
492.2299999999974
494.3899999999974
495.10999999999746
495.8299999999974
497.98999999999745
500.1499999999975
501.5899999999974
502.3099999999974
503.74999999999744
504.46999999999747
505.1899999999975
506.6299999999975
507.3499999999975
508.78999999999746
509.5099999999975
510.2299999999975
510.9499999999975
513.1099999999975
515.2699999999974
517.4299999999973
518.8699999999974
519.5899999999974
519.5899999999974
518.8699999999975
521.0299999999975
522.4699999999974
523.9099999999975
524.6299999999974
525.3499999999974
526.0699999999974
528.2299999999974
529.6699999999975
531.1099999999975
533.2699999999974
535.4299999999974
537.5899999999974
539.7499999999974
541.9099999999975
544.0699999999974
545.9699999999974
548.1299999999975
548.8499999999975
550.2899999999975
550.2899999999975
551.7299999999976
553.8899999999976
555.3299999999977
557.4899999999976
558.2099999999976
558.9299999999977
561.0899999999976
563.2499999999976
565.4099999999977
567.5699999999977
569.7299999999975
571.1699999999976
573.3299999999977
574.0499999999977
575.4899999999976
576.2099999999976
576.9299999999977
579.0899999999976
581.2499999999977
581.9699999999976
584.1299999999977
585.5699999999978
587.0099999999978
588.4499999999978
590.6099999999977
590.6099999999977
591.3299999999978
591.3299999999978
592.0499999999978
594.2099999999978
594.9299999999978
595.6499999999977
597.8099999999978
599.9699999999979
602.129999999998
604.2899999999979
605.009999999998
607.1699999999979
608.609999999998
609.329999999998
610.7699999999979
610.7699999999979
610.7699999999979
612.2099999999981
614.3699999999981
615.0899999999981
617.2499999999981
616.529999999998
617.9699999999981
618.6899999999981
619.4099999999981
621.5699999999981
621.5699999999981
623.0099999999982
624.4499999999982
625.1699999999983
627.3299999999983
629.4899999999983
629.4899999999983
629.4899999999983
630.2099999999983
630.2099999999983
632.1099999999984
632.1099999999984
634.2699999999984
634.9899999999984
635.7099999999984
636.8899999999984
637.6099999999984
638.3299999999984
640.4899999999984
642.6499999999985
644.0899999999986
645.5299999999985
646.2499999999985
646.9699999999985
646.9699999999985
647.6899999999985
649.1299999999984
650.7999999999985
652.9599999999984
653.6799999999985
655.1199999999985
656.0699999999985
657.5099999999985
659.6699999999985
663.2699999999985
663.9899999999985
664.7099999999986
665.4299999999987
666.1499999999987
666.8699999999988
668.3099999999987
670.4699999999987
671.9099999999987
673.3499999999988
675.5099999999989
676.9499999999989
678.1299999999989
678.5899999999989
680.0299999999988
680.749999999999
682.909999999999
685.0699999999989
685.7899999999989
686.509999999999
688.669999999999
690.569999999999
692.009999999999
694.1699999999989
696.329999999999
697.0499999999989
697.0499999999989
698.4899999999989
699.9299999999988
700.3899999999988
700.3899999999988
701.1099999999989
702.5499999999989
703.269999999999
704.7099999999989
706.8699999999989
707.5899999999989
709.749999999999
709.749999999999
709.749999999999
711.909999999999
713.349999999999
715.509999999999
717.6699999999989
718.389999999999
719.1099999999989
719.8299999999989
721.7299999999989
721.7299999999989
721.7299999999989
722.9099999999988
724.3499999999989
725.7899999999989
727.229999999999
727.9499999999989
730.109999999999
732.2699999999991
732.2699999999991
733.939999999999
735.379999999999
735.839999999999
735.839999999999
735.839999999999
736.559999999999
737.2799999999991
737.2799999999991
739.439999999999
740.1599999999991
741.1099999999991
741.8299999999991
743.9899999999992
746.1499999999993
746.1499999999993
748.3099999999994
749.0299999999993
751.1899999999994
753.3499999999995
754.0699999999995
754.7899999999995
755.5099999999995
756.9499999999996
757.6699999999995
757.6699999999995
758.3899999999995
759.1099999999996
761.2699999999995
760.5499999999996
762.7099999999996
763.4299999999996
764.1499999999995
765.5899999999996
767.7499999999997
767.0299999999996
767.7499999999995
768.9299999999995
768.9299999999995
770.3699999999995
771.8099999999996
772.5299999999996
773.2499999999997
773.2499999999997
774.4299999999996
774.4299999999996
775.8699999999997
778.0299999999996
778.0299999999996
777.5699999999997
778.2899999999996
779.7299999999996
780.9099999999995
780.9099999999995
780.9099999999995
780.9099999999995
783.0699999999996
783.0699999999996
784.5099999999995
785.9499999999996
785.9499999999996
786.6699999999995
787.6199999999995
788.3399999999996
789.2899999999996
786.6399999999996
786.6399999999996
788.7999999999997
789.5199999999998
790.9599999999997
792.1399999999998
791.6799999999997
793.5799999999997
795.0199999999998
795.0199999999998
796.4599999999998
797.1799999999998
798.6199999999998
799.7999999999997
800.2599999999998
801.6999999999998
801.2399999999998
802.6799999999998
804.1199999999999
806.28
805.79
806.51
807.95
810.11
809.65
810.37
811.81
811.81
813.9699999999999
814.6899999999999
815.41
816.13
816.13
817.57
817.57
819.01
819.73
820.19
822.3500000000001
823.7900000000001
823.7900000000001
824.5100000000001
824.0200000000001
825.4600000000002
827.6200000000001
828.3400000000001
829.5200000000002
830.9600000000003
831.6800000000003
832.4000000000003
834.5600000000004
836.4600000000003
839.0800000000003
840.5200000000003
840.5200000000003
842.1900000000003
844.3500000000004
844.8100000000004
846.7100000000004
849.3300000000004
851.4900000000004
852.9300000000003
854.3700000000003
854.8600000000004
857.0200000000004
858.2000000000004
858.9200000000003
858.4300000000003
859.6100000000002
861.7700000000003
862.4900000000004
863.2100000000004
863.2100000000004
863.2100000000004
864.6500000000004
865.3700000000005
866.8100000000005
867.5300000000005
868.2500000000006
869.2000000000006
870.8700000000006
870.8700000000006
871.5900000000006
871.5900000000006
873.0300000000005
870.8700000000006
870.8700000000006
872.7700000000006
872.7700000000006
874.2100000000006
875.8800000000006
877.3200000000006
877.3200000000006
878.0400000000006
878.7600000000007
879.4800000000006
879.4800000000006
880.6600000000005
881.8400000000006
883.5100000000006
884.2300000000006
885.4100000000005
887.5700000000006
888.2900000000006
890.4500000000006
892.6100000000007
894.2800000000007
895.0000000000007
895.7200000000007
896.9000000000007
896.9000000000007
896.9000000000007
899.0600000000007
900.5000000000008
902.6600000000008
904.8200000000008
904.8200000000008
906.2600000000009
907.7000000000008
909.140000000001
910.580000000001
910.580000000001
910.580000000001
911.760000000001
912.940000000001
913.660000000001
914.3800000000011
914.3800000000011
916.5400000000011
917.2600000000011
918.7000000000011
919.4200000000011
918.7000000000012
919.4200000000012
920.1400000000011
920.8600000000012
921.5800000000012
922.7600000000011
924.2000000000012
924.2000000000012
924.9200000000012
924.9200000000012
925.6400000000012
926.3600000000013
926.3600000000013
927.0800000000013
929.2400000000014
931.4000000000015
932.8400000000015
935.0000000000015
935.4600000000015
937.3600000000015
935.2000000000015
937.3600000000015
938.0800000000015
939.2600000000015
939.2600000000015
938.8000000000014
940.7000000000014
942.8600000000014
943.5800000000013
943.5800000000013
945.2500000000013
946.6900000000013
946.2300000000013
946.2300000000013
946.2300000000013
946.2300000000013
948.1300000000012
949.5700000000013
951.0100000000012
951.7300000000013
952.4500000000013
951.7300000000013
951.7300000000013
952.9100000000012
954.3500000000013
954.3500000000013
956.5100000000014
957.2300000000014
958.4100000000013
957.9500000000013
958.6700000000013
959.8500000000013
960.8000000000013
961.5200000000013
962.2400000000014
963.6800000000014
964.4000000000015
965.8400000000014
967.0200000000013
967.7400000000014
968.4600000000014
968.9200000000014
968.9200000000014
969.6400000000014
969.6400000000014
969.6400000000014
971.0800000000014
971.0800000000014
973.2400000000015
973.2400000000015
976.1200000000015
976.1200000000015
976.8400000000015
978.5100000000015
979.9500000000015
981.1300000000015
983.2900000000014
985.4500000000014
988.3300000000014
988.3300000000014
987.8700000000015
987.8700000000015
989.5400000000016
989.5400000000016
990.9800000000016
990.9800000000016
990.9800000000016
993.1400000000016
994.5800000000016
993.8600000000017
995.0400000000017
996.4800000000016
997.2000000000016
999.3600000000016
1000.0800000000017
1000.0800000000017
1002.2400000000018
1002.7300000000018
1003.4500000000019
1003.9400000000019
1004.6600000000019
1006.8200000000019
1008.7200000000018
1009.2100000000019
1010.1600000000018
1010.1600000000018
1010.1600000000018
1012.0600000000018
1013.5000000000017
1013.5000000000017
1013.5000000000017
1014.2200000000017
1015.8900000000018
1015.8900000000018
1018.0500000000018
1019.4900000000017
1019.4900000000017
1020.2100000000017
1022.1100000000017
1023.2900000000017
1023.2900000000017
1024.9600000000019
1026.6300000000017
1028.3000000000018
1028.7900000000018
1028.7900000000018
1029.5100000000018
1030.9500000000019
1030.4900000000018
1031.2100000000016
1033.370000000002
1033.8300000000017
1031.670000000002
1033.110000000002
1034.2900000000018
1034.2900000000018
1035.0100000000018
1035.7300000000018
1036.4500000000019
1037.890000000002
1040.0500000000018
1041.4900000000018
1042.2100000000016
1044.3700000000015
1046.5300000000016
1048.4300000000014
1050.3300000000015
1051.7700000000013
1051.3100000000015
1051.3100000000015
1049.1500000000015
1048.6900000000016
1048.2300000000016
1049.6700000000014
1050.3900000000015
1050.3900000000015
1048.9500000000014
1049.4100000000014
1050.5900000000013
1051.3100000000015
1052.7500000000014
1053.4700000000014
1053.0100000000014
1051.5700000000015
1052.2900000000016
1053.2400000000016
1053.7000000000014
1054.1900000000014
1055.8600000000013
1055.1400000000015
1055.1400000000015
1055.6000000000015
1055.6000000000015
1057.7600000000014
1058.4800000000014
1060.3800000000015
1060.3800000000015
1061.1000000000015
1060.3800000000015
1061.8200000000015
1061.3600000000015
1061.3600000000015
1060.9000000000015
1060.9000000000015
1061.6200000000015
1061.6200000000015
1061.6200000000015
1062.8000000000013
1064.2400000000014
1063.2900000000013
1064.4700000000014
1065.9100000000014
1065.9100000000014
1064.9600000000014
1068.5600000000013
1069.2800000000013
1068.8200000000013
1068.8200000000013
1070.9800000000012
1071.4400000000014
1071.9000000000015
1071.9000000000015
1074.0600000000015
1073.6000000000015
1072.1600000000014
1072.8800000000012
1073.3400000000013
1072.6200000000013
1073.3400000000013
1073.3400000000013
1073.3400000000013
1073.3400000000013
1073.3400000000013
1074.5200000000011
1076.1900000000012
1078.0900000000013
1078.810000000001
1080.2500000000011
1080.7100000000012
1081.4300000000012
1081.4300000000012
1081.4300000000012
1080.9700000000012
1080.9700000000012
1081.6900000000012
1080.2500000000014
1081.9200000000012
1082.4100000000012
1083.1300000000012
1083.1300000000012
1083.1300000000012
1083.1300000000012
1083.1300000000012
1084.3100000000013
1086.4700000000014
1086.9600000000014
1088.8600000000013
1086.7000000000012
1086.2100000000012
1087.6500000000012
1088.370000000001
1089.090000000001
1089.090000000001
1091.2500000000011
1093.4100000000012
1092.9500000000012
1094.3900000000012
1095.1100000000013
1095.1100000000013
1096.2900000000013
1097.4700000000012
1098.650000000001
1097.700000000001
1097.2400000000011
1097.960000000001
1098.450000000001
1100.610000000001
1100.150000000001
1101.330000000001
1101.330000000001
1102.050000000001
1102.7700000000011
1103.4900000000011
1103.4900000000011
1103.4900000000011
1104.9300000000012
1106.8300000000013
1106.8300000000013
1107.5500000000013
1108.2700000000013
1110.1700000000014
1109.4500000000014
1111.6100000000015
1111.6100000000015
1113.7700000000016
1113.7700000000016
1113.7700000000016
1114.4900000000016
1115.2100000000016
1116.6500000000017
1117.3700000000017
1117.3700000000017
1117.3700000000017
1115.4700000000016
1117.3700000000017
1119.0400000000016
1118.5800000000015
1122.1800000000014
1123.6200000000015
1125.5200000000013
1126.7000000000014
1127.8800000000015
1129.0600000000013
1128.1100000000015
1127.1300000000012
1129.0300000000013
1128.5700000000015
1128.5700000000015
1130.4700000000012
1130.4700000000012
1130.4700000000012
1131.1900000000012
1131.1900000000012
1130.4700000000012
1130.0100000000014
1127.8500000000013
1130.0100000000014
1130.7300000000014
1131.2200000000014
1131.9400000000014
1131.9400000000014
1133.1200000000015
1131.9400000000016
1133.8400000000017
1133.8400000000017
1132.8900000000017
1132.8900000000017
1134.3300000000015
1134.3300000000015
1134.3300000000015
1135.2800000000016
1135.2800000000016
1135.7700000000016
1135.7700000000016
1134.8200000000015
1135.5400000000016
1137.7000000000016
1136.7500000000016
1136.2900000000016
1137.7300000000016
1137.2400000000016
1137.7000000000016
1139.8600000000017
1140.5800000000015
1140.5800000000015
1140.5800000000015
1142.0200000000016
1142.7400000000016
1142.0200000000016
1142.0200000000016
1144.1800000000017
1143.7200000000016
1145.6200000000017
1146.1100000000017
1148.2700000000016
1148.2700000000016
1147.0900000000015
1147.0900000000015
1147.0900000000015
1147.8100000000015
1148.5300000000016
1147.8100000000018
1147.8100000000018
1148.5300000000018
1150.6900000000016
1151.1500000000017
1151.1500000000017
1150.4300000000017
1152.5900000000017
1153.3100000000018
1154.0300000000018
1154.0300000000018
1154.9800000000018
1157.140000000002
1159.0400000000018
1160.7100000000016
1162.150000000002
1163.100000000002
1163.100000000002
1163.820000000002
1163.820000000002
1163.360000000002
1163.820000000002
1165.9800000000018
1165.9800000000018
1167.420000000002
1167.420000000002
1167.420000000002
1168.370000000002
1169.810000000002
1169.810000000002
1169.810000000002
1169.810000000002
1169.810000000002
1169.3500000000022
1170.530000000002
1170.530000000002
1171.020000000002
1171.970000000002
1171.510000000002
1170.560000000002
1174.1600000000021
1175.6000000000022
1176.3200000000022
1175.8600000000022
1175.8600000000022
1176.810000000002
1178.4800000000018
1177.7600000000018
1178.2200000000018
1177.760000000002
1177.760000000002
1179.4300000000019
1180.3800000000017
1181.8200000000018
1181.3600000000017
1181.8200000000018
1179.920000000002
1182.0800000000017
1182.8000000000018
1181.8500000000017
1181.8500000000017
1181.8500000000017
1182.5700000000018
1183.7500000000018
1185.650000000002
1185.650000000002
1186.110000000002
1186.110000000002
1188.0100000000018
1187.290000000002
1187.290000000002
1187.290000000002
1188.7300000000018
1188.7300000000018
1188.7300000000018
1189.4500000000019
1190.890000000002
1191.3500000000017
1192.0700000000018
1191.6100000000017
1193.0500000000018
1192.5900000000017
1191.150000000002
1192.5900000000017
1192.5900000000017
1193.3100000000018
1193.3100000000018
1194.4900000000018
1194.0300000000018
1195.7000000000016
1197.1400000000017
1196.6800000000019
1198.3500000000017
1197.4000000000017
1197.4000000000017
1198.5800000000017
1198.5800000000017
1198.1200000000017
1198.8400000000017
1199.5600000000018
1201.7200000000018
1202.6700000000017
1204.1100000000017
1205.5500000000018
1205.5500000000018
1205.5500000000018
1207.7100000000016
1207.7100000000016
1208.8900000000017
1208.8900000000017
1208.8900000000017
1208.4300000000017
1208.4300000000017
1209.1500000000017
1210.3300000000015
1211.0500000000015
1212.4900000000016
1212.9500000000016
1212.9500000000016
1212.9500000000016
1213.6700000000017
1213.1800000000017
1214.1300000000017
1214.1300000000017
1213.6400000000017
1214.8200000000018
1214.8200000000018
1216.2600000000016
1215.7700000000016
1215.7700000000016
1216.2600000000016
1216.7500000000016
1216.2600000000016
1217.7000000000014
1217.7000000000014
1217.7000000000014
1217.2400000000016
1217.2400000000016
1217.7300000000016
1217.2700000000016
1217.2700000000016
1217.2700000000016
1216.8100000000015
1217.5300000000016
1218.7100000000014
1219.4300000000014
1218.9400000000014
1221.1000000000013
1221.1000000000013
1221.1000000000013
1223.2600000000014
1223.2600000000014
1224.4400000000012
1224.4400000000012
1223.9800000000014
1223.9800000000014
1224.7000000000014
1224.7000000000014
1223.9800000000014
1224.7000000000014
1224.7000000000014
1224.2400000000014
1224.9600000000014
1225.6800000000014
1225.6800000000014
1226.4000000000015
1227.8400000000015
1229.2800000000016
1229.2800000000016
1228.5600000000015
1229.7400000000014
1230.9200000000014
1232.3600000000013
1232.3600000000013
1233.0800000000013
1235.2400000000014
1235.2400000000014
1236.9100000000014
1236.9100000000014
1236.1900000000014
1235.7000000000014
1235.7000000000014
1237.8600000000015
1238.5800000000015
1239.3000000000015
1239.3000000000015
1240.0200000000016
1239.3000000000015
1240.0200000000016
1240.0200000000016
1241.2000000000016
1242.6400000000017
1243.1300000000017
1244.5700000000015
1246.0100000000016
1247.4500000000016
1247.4500000000016
1247.9400000000016
1247.9400000000016
1247.9400000000016
1250.1000000000017
1250.1000000000017
1250.1000000000017
1251.5400000000018
1251.0800000000017
1251.0800000000017
1252.2600000000018
1252.2600000000018
1253.9300000000019
1253.9300000000019
1253.9300000000019
1253.9300000000019
1253.9300000000019
1253.9300000000019
1253.9300000000019
1255.3700000000017
1253.9300000000017
1253.9300000000017
1253.9300000000017
1252.9800000000018
1252.9800000000018
1254.8800000000017
1255.3400000000017
1254.6200000000017
1254.6200000000017
1255.1100000000017
1255.1100000000017
1255.8300000000017
1255.8300000000017
1255.8300000000017
1255.8300000000017
1256.3200000000018
1256.3200000000018
1256.8100000000018
1256.0900000000017
1256.0900000000017
1258.2500000000018
1258.2500000000018
1258.2500000000018
1258.7100000000019
1258.2500000000018
1258.9700000000018
1258.9700000000018
1258.250000000002
1258.250000000002
1258.250000000002
1258.250000000002
1259.920000000002
1259.2000000000019
1259.6900000000019
1259.6900000000019
1260.1800000000019
1260.1800000000019
1261.3600000000017
1261.3600000000017
1261.8200000000018
1262.2800000000016
1262.2800000000016
1262.2800000000016
1263.4600000000016
1262.0200000000016
1263.4600000000016
1263.4600000000016
1264.1800000000014
1265.8500000000015
1265.3900000000015
1266.3400000000015
1268.0100000000016
1265.6500000000015
1265.6500000000015
1266.3700000000015
1266.3700000000015
1267.8100000000015
1267.8100000000015
1267.8100000000015
1268.5300000000016
1268.5300000000016
1270.4300000000014
1270.8900000000012
1270.8900000000012
1271.8400000000015
1271.8400000000015
1273.7400000000014
1273.2500000000014
1273.2500000000014
1274.6900000000014
1275.4100000000014
1274.9500000000014
1274.9500000000014
1274.9500000000014
1275.9000000000012
1275.9000000000012
1276.6200000000013
1276.6200000000013
1277.8000000000013
1278.7500000000014
1278.7500000000014
1278.7500000000014
1278.7500000000014
1280.1900000000014
1280.9100000000014
1280.9100000000014
1280.9100000000014
1280.9100000000014
1280.9100000000014
1280.9100000000014
1281.1400000000012
1281.600000000001
1281.600000000001
1281.110000000001
1281.600000000001
1280.4200000000012
1281.860000000001
1281.860000000001
1282.320000000001
1283.040000000001
1284.480000000001
1284.480000000001
1284.970000000001
1284.970000000001
1286.9000000000008
1286.9000000000008
1288.8000000000009
1288.8000000000009
1289.9800000000007
1289.9800000000007
1289.9800000000007
1289.9800000000007
1291.6500000000008
1292.8300000000006
1292.8300000000006
1294.2700000000007
1293.0600000000006
1294.0100000000007
1295.4500000000007
1295.4500000000007
1297.6100000000006
1297.6100000000006
1298.0700000000006
1298.0700000000006
1298.0700000000006
1298.0700000000006
1299.2500000000005
1299.7400000000005
1299.7400000000005
1299.7400000000005
1299.7400000000005
1301.4100000000005
1301.4100000000005
1300.9500000000005
1300.4600000000005
1300.4600000000005
1300.4600000000005
1300.4600000000005
1301.6400000000003
1301.1500000000003
1301.1500000000003
1301.8700000000003
1301.8700000000003
1302.5900000000004
1300.4300000000005
1300.4300000000005
1300.4300000000005
1300.4300000000005
1300.4300000000005
1301.1500000000003
1301.6100000000001
1301.6100000000001
1301.15
1302.5900000000001
1302.5900000000001
1304.4900000000002
1304.4900000000002
1304.4900000000002
1305.67
1305.67
1306.3899999999999
1305.93
1305.93
1305.93
1306.8799999999999
1306.8799999999999
1306.8799999999999
1306.8799999999999
1306.8799999999999
1306.8799999999999
1306.8799999999999
1306.8799999999999
1306.8799999999999
1306.8799999999999
1306.8799999999999
1307.37
1307.8299999999997
1308.3199999999997
1308.81
1308.81
1307.37
1307.86
1307.86
1307.86
1307.86
1308.8099999999997
1308.3199999999997
1308.3199999999997
1310.4799999999996
1309.2699999999995
1309.2699999999995
1308.8099999999995
1308.3199999999995
1310.4799999999996
1310.4799999999996
1310.9699999999996
1310.9699999999996
1310.2499999999995
1311.1999999999994
1311.1999999999994
1313.0999999999995
1314.2799999999993
1314.2799999999993
1316.8999999999994
1316.8999999999994
1315.7199999999993
1315.7199999999993
1315.2299999999993
1313.5599999999995
1313.0999999999995
1314.2799999999995
1314.7699999999995
1314.7699999999995
1314.2799999999995
1314.2799999999995
1314.7699999999995
1314.7699999999995
1314.7699999999995
1314.7699999999995
1314.7699999999995
1314.7699999999995
1314.7699999999995
1314.3099999999997
1314.3099999999997
1314.3099999999997
1314.3099999999997
1314.3099999999997
1314.3099999999997
1314.3099999999997
1314.7699999999998
1314.7699999999998
1315.2299999999998
1315.2299999999998
1315.2299999999998
1315.2299999999998
1315.9499999999998
1317.6199999999997
1316.6699999999996
1317.8499999999997
1315.1999999999996
1315.1999999999996
1314.7399999999998
1314.7399999999998
1314.0199999999998
1313.5599999999997
1313.5599999999997
1314.0499999999997
1314.0499999999997
1313.5899999999997
1315.7499999999998
1315.7499999999998
1316.4699999999996
1316.4699999999996
1316.4699999999996
1316.4699999999996
1317.4199999999996
1317.8799999999994
1317.8799999999994
1317.8799999999994
1317.8799999999994
1318.3699999999994
1317.8799999999994
1317.8799999999994
1318.5999999999995
1319.5499999999995
1319.5499999999995
1320.2699999999995
1321.7099999999996
1321.7099999999996
1321.2199999999996
1321.2199999999996
1322.1699999999996
1322.1699999999996
1322.1699999999996
1320.7299999999996
1320.7299999999996
1320.7299999999996
1320.7299999999996
1320.0099999999995
1321.6799999999994
1321.6799999999994
1321.6799999999994
1320.6999999999994
1322.3699999999994
1322.3699999999994
1322.3699999999994
1322.3699999999994
1322.3699999999994
1322.8299999999995
1322.8299999999995
1322.8299999999995
1323.3199999999995
1323.7799999999993
1322.8299999999995
1322.8299999999995
1322.8299999999995
1321.8799999999994
1318.7699999999995
1319.4899999999996
1319.4899999999996
1318.0499999999995
1318.0499999999995
1318.0499999999995
1318.0499999999995
1317.5899999999995
1317.5899999999995
1319.2599999999995
1319.2599999999995
1317.0999999999995
1317.8199999999995
1317.8199999999995
1317.0999999999997
1316.3799999999997
1316.3799999999997
1316.3799999999997
1316.3799999999997
1316.3799999999997
1316.3799999999997
1316.3799999999997
1317.5599999999995
1318.5099999999995
1318.5099999999995
1318.5099999999995
1319.4599999999996
1319.9499999999996
1320.4099999999994
1319.2299999999993
1319.2299999999993
1319.2299999999993
1319.2299999999993
1318.5099999999993
1318.5099999999993
1318.5099999999993
1318.0499999999995
1317.5599999999995
1317.5599999999995
1318.5099999999993
1318.0499999999995
1318.0499999999995
1318.5099999999993
1318.5099999999993
1319.9499999999991
1319.9499999999991
1320.4099999999992
1320.4099999999992
1320.4099999999992
1320.4099999999992
1320.4099999999992
1320.4099999999992
1320.4099999999992
1321.359999999999
1321.359999999999
1321.359999999999
1321.359999999999
1320.869999999999
1320.869999999999
1320.869999999999
1321.359999999999
1322.079999999999
1322.079999999999
1323.7499999999989
1323.7499999999989
1324.469999999999
1324.469999999999
1325.6499999999987
1326.3699999999988
1325.9099999999987
1325.9099999999987
1325.9099999999987
1324.959999999999
1326.139999999999
1326.139999999999
1326.139999999999
1326.139999999999
1327.089999999999
1326.629999999999
1326.629999999999
1326.629999999999
1326.169999999999
1326.169999999999
1326.659999999999
1324.9899999999986
1325.709999999999
1325.709999999999
1325.709999999999
1326.429999999999
1326.429999999999
1326.429999999999
1325.9699999999991
1325.9699999999991
1325.9699999999991
1325.5099999999993
1325.0199999999993
1323.5799999999992
1323.5799999999992
1323.5799999999992
1324.0399999999993
1324.7599999999993
1324.7599999999993
1325.2499999999993
1325.2499999999993
1325.2499999999993
1325.2499999999993
1325.9699999999993
1325.0199999999993
1323.1199999999992
1323.1199999999992
1323.1199999999992
1323.1199999999992
1322.6599999999992
1323.1199999999992
1323.1199999999992
1324.789999999999
1324.299999999999
1324.299999999999
1324.7599999999989
1325.219999999999
1325.219999999999
1325.939999999999
1325.939999999999
1326.399999999999
1326.399999999999
1326.399999999999
1327.119999999999
1327.119999999999
1326.399999999999
1326.889999999999
1326.889999999999
1325.679999999999
1324.7299999999989
1326.399999999999
1327.5799999999988
1328.299999999999
1329.249999999999
1329.249999999999
1328.989999999999
1328.499999999999
1328.499999999999
1328.499999999999
1331.839999999999
1331.839999999999
1333.2799999999988
1333.7399999999986
1333.2799999999986
1333.2799999999986
1333.2799999999986
1333.9999999999986
1333.5099999999986
1334.4599999999987
1334.9199999999985
1334.9199999999985
1334.9199999999985
1334.4599999999984
1335.4099999999983
1335.4099999999983
1335.4099999999983
1335.8999999999983
1336.3599999999983
1335.8999999999983
1335.1799999999982
1335.1799999999982
1335.1799999999982
1335.1799999999982
1334.7199999999984
1335.2099999999984
1335.2099999999984
1335.2099999999984
1334.7499999999984
1334.7499999999984
1334.7499999999984
1335.2099999999984
1335.2099999999984
1335.2099999999984
1335.2099999999984
1335.2099999999984
1335.2099999999984
1335.9299999999985
1336.4199999999985
1336.8799999999985
1338.5499999999986
1338.5499999999986
1338.5499999999986
1338.5499999999986
1339.9899999999984
1339.4999999999984
1339.4999999999984
1339.9899999999984
1339.9899999999984
1339.9899999999984
1339.9899999999984
1339.5299999999984
1339.5299999999984
1339.5299999999984
1339.5299999999984
1339.5299999999984
1339.0699999999986
1339.0699999999986
1339.0699999999986
1339.0699999999986
1338.1199999999988
1337.6299999999987
1337.6299999999987
1337.6299999999987
1337.6299999999987
1338.1199999999988
1338.1199999999988
1337.6299999999987
1337.6299999999987
1338.5799999999988
1339.5299999999986
1340.2499999999989
1339.7599999999986
1339.2999999999986
1339.2999999999986
1339.2999999999986
1340.969999999999
1340.969999999999
1341.4299999999987
1341.4299999999987
1337.5999999999985
1338.0899999999986
1338.0899999999986
1338.0899999999986
1339.2699999999986
1339.2699999999986
1339.2699999999986
1338.0899999999988
1337.5999999999988
1337.5999999999988
1337.5999999999988
1337.5999999999988
1337.5999999999988
1338.3199999999988
1338.3199999999988
1337.8299999999988
1338.3199999999988
1339.4999999999986
1339.4999999999986
1339.4999999999986
1339.9899999999986
1339.9899999999986
1340.7099999999987
1340.7099999999987
1339.5299999999986
1339.0699999999986
1339.0699999999986
1339.0699999999986
1339.0699999999986
1339.0699999999986
1339.0699999999986
1339.0699999999986
1340.9699999999987
1341.9199999999985
1341.9199999999985
1341.9199999999985
1342.8699999999985
1344.5399999999984
1344.0799999999983
1344.5399999999981
1344.5399999999981
1344.5399999999981
1344.5399999999981
1344.5399999999981
1346.2099999999982
1346.2099999999982
1345.7499999999982
1345.7499999999982
1345.7499999999982
1345.7499999999982
1346.6999999999982
1348.8599999999983
1347.6799999999985
1348.1699999999985
1349.8399999999983
1349.8399999999983
1349.8399999999983
1350.2999999999984
1350.2999999999984
1350.2999999999984
1350.2999999999984
1351.9699999999984
1351.9699999999984
1351.9699999999984
1351.9699999999984
1351.9699999999984
1354.1299999999985
1354.1299999999985
1354.1299999999985
1354.1299999999985
1356.0299999999984
1356.0299999999984
1356.0299999999984
1356.0299999999984
1355.5699999999983
1355.5699999999983
1355.5699999999983
1355.5699999999983
1355.1099999999983
1355.8299999999983
1355.3399999999983
1355.7999999999984
1355.7999999999984
1355.7999999999984
1356.2599999999984
1356.2599999999984
1356.2599999999984
1356.7499999999984
1356.7499999999984
1356.7499999999984
1357.4699999999984
1356.5199999999984
1357.2399999999982
1358.1899999999985
1358.1899999999985
1357.6999999999982
1357.6999999999982
1357.6999999999982
1358.159999999998
1358.159999999998
1358.159999999998
1358.159999999998
1357.669999999998
1357.669999999998
1357.669999999998
1357.669999999998
1357.669999999998
1357.669999999998
1359.1099999999983
1359.1099999999983
1359.1099999999983
1357.2099999999982
1357.2099999999982
1356.2599999999982
1357.209999999998
1357.209999999998
1357.209999999998
1357.209999999998
1358.159999999998
1358.159999999998
1357.699999999998
1357.699999999998
1357.699999999998
1357.699999999998
1359.369999999998
1359.369999999998
1359.369999999998
1359.369999999998
1359.369999999998
1358.909999999998
1358.909999999998
1359.399999999998
1359.399999999998
1361.2999999999981
1361.2999999999981
1361.2999999999981
1361.2999999999981
1361.2999999999981
1361.7599999999982
1361.7599999999982
1362.219999999998
1362.219999999998
1362.219999999998
1362.219999999998
1361.269999999998
1360.779999999998
1360.289999999998
1360.289999999998
1360.289999999998
1360.289999999998
1360.289999999998
1361.009999999998
1357.6399999999978
1356.9199999999978
1356.4599999999978
1356.4599999999978
