926.7999999999972
926.7999999999972
986.7999999999995
986.7999999999995
987.3999999999995
987.3999999999995
987.9999999999995
987.9999999999995
980.1999999999992
980.1999999999992
984.3999999999994
984.3999999999994
921.999999999997
921.999999999997
986.1999999999995
986.1999999999995
982.5999999999993
982.5999999999993
986.1999999999995
986.1999999999995
981.9999999999993
981.9999999999993
984.9999999999994
984.9999999999994
922.5999999999971
922.5999999999971
986.7999999999995
986.7999999999995
980.1999999999992
980.1999999999992
989.1999999999996
989.1999999999996
979.5999999999992
979.5999999999992
986.7999999999995
986.7999999999995
929.1999999999973
929.1999999999973
984.3999999999994
984.3999999999994
986.1999999999995
986.1999999999995
985.5999999999995
985.5999999999995
987.9999999999995
987.9999999999995
984.9999999999994
984.9999999999994
935.1999999999975
935.1999999999975
989.1999999999996
989.1999999999996
991.5999999999997
991.5999999999997
985.5999999999995
985.5999999999995
984.3999999999994
984.3999999999994
984.3999999999994
984.3999999999994
938.1999999999977
938.1999999999977
986.1999999999995
986.1999999999995
986.1999999999995
986.1999999999995
986.1999999999995
986.1999999999995
992.1999999999997
992.1999999999997
987.3999999999995
987.3999999999995
933.3999999999975
933.3999999999975
982.5999999999993
982.5999999999993
987.3999999999995
987.3999999999995
984.3999999999994
984.3999999999994
987.9999999999995
987.9999999999995
990.9999999999997
990.9999999999997
929.7999999999973
929.7999999999973
986.7999999999995
986.7999999999995
986.1999999999995
986.1999999999995
980.7999999999993
980.7999999999993
990.3999999999996
990.3999999999996
985.5999999999995
985.5999999999995
933.3999999999975
933.3999999999975
987.3999999999995
987.3999999999995
987.9999999999995
987.9999999999995
986.7999999999995
986.7999999999995
986.7999999999995
986.7999999999995
984.3999999999994
984.3999999999994
933.9999999999975
933.9999999999975
987.3999999999995
987.3999999999995
990.3999999999996
990.3999999999996
984.3999999999994
984.3999999999994
986.7999999999995
986.7999999999995
984.9999999999994
984.9999999999994
