991.5999999999997
991.5999999999997
992.7999999999997
993.9999999999998
993.3999999999997
990.9999999999997
992.7999999999997
993.3999999999997
990.9999999999997
993.3999999999997
992.7999999999997
990.9999999999997
994.5999999999998
992.7999999999997
996.3999999999999
992.7999999999997
990.9999999999997
990.9999999999997
992.7999999999997
990.9999999999997
991.5999999999997
993.9999999999998
988.5999999999996
995.7999999999998
992.7999999999997
992.7999999999997
990.9999999999997
990.9999999999997
995.7999999999998
990.3999999999996
990.9999999999997
990.9999999999997
991.5999999999997
992.1999999999997
992.1999999999997
994.5999999999998
990.9999999999997
987.9999999999995
996.9999999999999
992.7999999999997
990.3999999999996
987.9999999999995
988.5999999999996
990.9999999999997
992.7999999999997
992.1999999999997
992.7999999999997
993.9999999999998
990.3999999999996
988.5999999999996
992.1999999999997
990.9999999999997
989.1999999999996
989.1999999999996
990.3999999999996
990.9999999999997
989.7999999999996
993.9999999999998
992.1999999999997
993.9999999999998
989.1999999999996
987.9999999999995
991.5999999999997
994.5999999999998
992.1999999999997
991.5999999999997
990.9999999999997
991.5999999999997
989.1999999999996
988.5999999999996
988.5999999999996
990.9999999999997
992.7999999999997
991.5999999999997
988.5999999999996
992.7999999999997
991.5999999999997
991.5999999999997
990.3999999999996
991.5999999999997
993.3999999999997
993.9999999999998
990.3999999999996
991.5999999999997
990.3999999999996
993.3999999999997
992.1999999999997
990.9999999999997
990.9999999999997
994.5999999999998
994.5999999999998
992.7999999999997
992.1999999999997
994.5999999999998
993.9999999999998
989.7999999999996
989.1999999999996
992.1999999999997
992.7999999999997
990.9999999999997
993.3999999999997
988.5999999999996
987.3999999999995
995.7999999999998
994.5999999999998
994.5999999999998
989.7999999999996
996.3999999999999
992.1999999999997
991.5999999999997
992.1999999999997
990.9999999999997
992.1999999999997
995.1999999999998
989.1999999999996
992.1999999999997
995.1999999999998
989.1999999999996
988.5999999999996
992.7999999999997
993.9999999999998
992.1999999999997
992.1999999999997
990.9999999999997
989.7999999999996
993.9999999999998
988.5999999999996
992.7999999999997
992.7999999999997
992.7999999999997
989.1999999999996
990.3999999999996
987.3999999999995
992.7999999999997
993.9999999999998
993.3999999999997
992.7999999999997
990.9999999999997
994.5999999999998
993.3999999999997
995.1999999999998
987.9999999999995
993.3999999999997
991.5999999999997
995.7999999999998
995.1999999999998
990.3999999999996
992.1999999999997
989.1999999999996
994.5999999999998
991.5999999999997
992.7999999999997
993.3999999999997
991.5999999999997
989.1999999999996
991.5999999999997
996.3999999999999
991.5999999999997
993.3999999999997
990.3999999999996
994.5999999999998
991.5999999999997
995.1999999999998
996.3999999999999
989.1999999999996
991.5999999999997
993.9999999999998
994.5999999999998
995.1999999999998
993.9999999999998
995.1999999999998
993.9999999999998
991.5999999999997
996.3999999999999
990.3999999999996
994.5999999999998
994.5999999999998
991.5999999999997
992.1999999999997
994.5999999999998
985.5999999999995
995.1999999999998
990.3999999999996
991.5999999999997
994.5999999999998
992.1999999999997
993.9999999999998
990.9999999999997
989.1999999999996
988.5999999999996
993.3999999999997
990.3999999999996
991.5999999999997
996.3999999999999
989.1999999999996
991.5999999999997
993.9999999999998
992.7999999999997
989.7999999999996
995.1999999999998
990.3999999999996
991.5999999999997
996.3999999999999
994.5999999999998
991.5999999999997
993.3999999999997
992.1999999999997
990.3999999999996
993.9999999999998
992.1999999999997
994.5999999999998
989.1999999999996
993.3999999999997
990.3999999999996
990.3999999999996
990.9999999999997
991.5999999999997
994.5999999999998
990.9999999999997
992.1999999999997
995.7999999999998
985.5999999999995
990.3999999999996
992.7999999999997
992.7999999999997
993.9999999999998
993.9999999999998
989.1999999999996
992.1999999999997
989.7999999999996
995.7999999999998
989.7999999999996
993.3999999999997
989.1999999999996
991.5999999999997
989.7999999999996
992.7999999999997
995.1999999999998
989.7999999999996
990.3999999999996
993.3999999999997
993.3999999999997
990.9999999999997
993.9999999999998
990.3999999999996
995.1999999999998
993.3999999999997
987.3999999999995
989.1999999999996
992.7999999999997
