0
0
0
0
0
0
0
0
0
0
0
0
0
0
0
0
0
0
0
0
0
0
0
0
0
0
0
0
0
0
0
0
0
0
0
0
0
0
0
0
0
0
0
0
0
0
0
0
0
0
0
0
0
0
0
0
0
0
0
0
0
0
0
0
0
1
1
1
1
1
1
1
1
1
1
1
1
1
1
1
1
1
1
2
2
2
2
2
2
2
2
2
2
2
2
2
2
4
4
4
4
5
5
6
6
6
6
6
6
6
6
6
6
6
6
8
8
9
9
9
9
9
9
9
9
9
10
10
10
10
10
10
11
13
13
15
15
15
16
16
16
16
16
16
16
17
17
17
18
18
18
18
19
19
19
19
19
20
20
20
21
21
21
21
21
21
21
21
21
21
21
21
21
21
21
23
23
24
24
24
24
24
25
25
26
26
26
26
26
27
28
28
28
29
29
29
29
29
29
30
31
31
31
31
32
32
32
32
32
32
33
33
33
33
33
33
33
36
37
37
37
37
37
38
38
38
38
38
39
39
39
39
39
39
39
39
39
39
40
40
40
40
40
41
41
41
41
41
41
43
43
43
43
43
44
44
44
45
46
46
47
50
50
50
51
51
51
51
51
52
53
53
53
54
56
57
57
57
57
58
58
58
58
58
58
58
58
58
58
59
59
59
59
60
60
60
60
61
62
62
64
65
65
65
65
65
66
66
67
67
67
68
68
69
69
69
69
69
69
69
69
69
71
71
71
71
72
72
72
72
72
72
72
72
72
72
72
74
74
75
75
75
75
75
75
75
75
75
75
75
75
77
77
77
77
77
77
77
78
80
80
80
81
81
81
81
82
82
82
83
83
83
83
83
86
87
88
88
88
88
88
89
89
91
91
91
91
91
91
91
92
93
94
95
95
97
97
97
97
99
100
100
100
101
101
101
101
101
102
104
104
104
105
105
105
106
106
106
106
108
108
108
108
108
108
109
110
111
111
111
111
111
112
112
112
112
112
112
112
113
113
115
115
117
117
117
117
117
117
117
118
118
118
118
120
121
123
123
124
124
125
127
128
128
128
128
128
130
131
131
131
131
131
131
133
135
136
136
136
136
137
137
138
138
138
139
142
142
142
142
142
142
143
143
143
143
143
143
144
144
145
145
145
147
148
149
149
149
149
149
149
151
151
151
151
151
151
152
152
152
152
153
156
156
157
157
158
158
159
162
162
162
162
162
162
163
163
164
164
164
165
165
165
166
166
167
168
169
169
170
170
170
171
171
171
171
171
171
171
172
172
172
172
174
176
176
176
177
177
179
181
183
184
184
186
186
186
186
186
187
188
188
190
190
190
190
191
191
191
191
192
192
193
194
195
195
195
196
196
198
198
199
201
202
203
203
206
206
206
208
208
208
210
211
211
211
212
214
214
214
214
214
215
216
217
217
218
219
219
219
219
219
219
219
220
220
220
220
221
222
223
224
224
226
226
228
228
229
231
231
231
231
232
233
233
233
233
234
234
234
234
234
236
236
237
237
237
239
242
242
242
242
242
242
242
243
243
243
243
244
244
244
246
246
247
249
249
249
251
251
251
251
252
252
252
252
253
255
256
256
256
256
256
256
257
257
258
258
258
258
259
260
262
262
262
262
262
262
263
263
264
264
264
265
267
268
268
268
268
269
270
271
272
272
272
275
275
275
275
276
276
276
276
276
276
276
277
277
278
278
278
278
279
279
280
280
280
280
282
283
284
284
284
284
285
285
285
286
286
286
286
287
287
287
287
287
287
287
287
288
289
289
291
293
294
294
295
295
296
296
296
297
298
299
299
300
300
300
300
301
301
303
304
304
305
306
306
307
307
307
307
307
308
308
309
310
310
311
311
311
311
311
311
311
313
313
314
314
314
315
315
316
317
317
317
317
317
317
317
317
317
317
318
318
318
319
320
321
321
321
321
324
324
324
325
325
326
328
328
329
329
330
330
332
332
333
333
334
335
335
336
336
336
338
339
339
340
340
340
340
341
341
342
342
342
342
342
342
342
342
342
343
345
345
346
346
347
347
347
347
347
348
348
349
349
349
352
354
354
354
354
354
355
356
357
359
362
362
362
363
365
365
365
365
365
365
368
368
368
368
368
369
370
370
371
371
371
372
373
373
373
374
375
375
375
376
378
379
379
380
381
381
381
382
382
382
382
382
384
384
384
385
386
388
390
390
391
392
392
392
392
393
393
393
393
394
394
395
396
396
396
396
396
397
397
398
399
399
399
399
400
401
401
402
403
405
406
407
408
409
409
409
409
410
410
410
410
411
411
411
412
412
412
412
416
416
417
417
418
419
419
419
419
419
420
420
420
421
422
422
424
425
425
425
426
428
428
428
430
431
431
432
432
434
435
436
437
438
438
438
439
439
439
440
440
440
444
445
445
446
447
448
450
450
451
451
451
452
454
457
458
458
459
460
460
460
461
461
462
462
463
464
464
465
466
467
467
468
469
470
470
470
470
471
471
471
471
471
472
473
474
474
474
475
475
475
475
475
478
478
478
479
479
480
481
481
481
481
481
481
483
483
484
485
485
485
486
486
486
486
486
487
487
489
489
490
491
491
493
494
495
495
495
495
495
495
495
495
496
497
497
498
499
499
499
500
501
501
503
503
503
504
504
506
506
506
508
509
509
510
512
512
512
512
512
513
513
513
513
513
513
514
515
516
518
518
519
519
520
520
520
521
521
521
521
523
523
523
523
523
524
524
525
525
526
526
527
528
528
529
529
529
531
531
531
533
534
535
535
535
536
536
536
536
536
536
536
538
538
538
538
538
538
538
539
539
540
540
540
541
542
545
545
545
545
546
547
547
547
547
548
548
548
551
551
551
554
554
555
555
555
555
555
555
556
556
556
558
558
558
558
560
562
562
563
563
563
563
563
565
566
567
568
570
571
571
571
571
571
571
571
571
571
571
572
572
574
575
575
576
576
576
576
577
578
578
578
578
579
580
582
582
583
583
585
585
586
586
588
589
590
592
592
593
593
593
593
594
595
597
597
597
598
599
600
601
601
601
601
602
602
602
603
604
604
604
605
607
607
607
608
608
608
610
610
610
612
613
615
615
616
616
617
617
618
619
621
621
621
623
623
623
623
623
624
624
624
626
628
628
630
631
633
634
634
635
636
636
636
637
637
637
638
638
638
638
638
638
640
640
640
640
642
642
643
643
643
643
644
645
645
646
647
647
647
647
648
648
649
649
650
652
653
654
655
656
656
656
656
658
658
658
658
658
660
661
665
665
665
665
665
666
666
666
667
667
667
667
667
669
669
669
670
670
670
671
672
673
673
673
674
674
674
675
675
675
677
677
677
677
678
678
678
678
678
678
678
678
679
680
680
681
682
682
682
682
683
683
684
685
685
686
686
687
688
689
689
690
691
693
693
693
693
693
694
694
694
694
696
697
698
698
699
699
699
699
700
701
702
702
702
702
702
703
703
703
703
704
704
705
705
706
706
706
706
706
706
708
710
710
710
710
711
711
712
712
712
712
712
712
712
712
714
714
716
716
717
717
719
720
722
722
723
723
724
724
724
724
724
724
725
727
728
729
731
731
731
731
731
732
732
733
733
733
734
734
735
735
735
735
737
737
738
741
741
741
742
743
743
743
743
743
744
744
744
744
744
745
745
746
746
746
748
748
748
749
749
749
749
749
749
750
750
750
750
750
750
750
750
750
753
754
754
754
755
755
755
755
755
755
756
756
756
757
757
759
760
760
760
760
761
761
761
761
761
761
762
763
764
764
764
764
764
765
765
766
766
766
766
766
766
767
769
769
769
769
769
770
770
770
771
771
771
771
771
773
773
774
774
775
775
775
775
775
776
776
776
776
777
778
778
778
778
778
779
779
779
779
779
779
779
779
781
782
782
783
784
785
786
787
787
788
788
788
788
788
788
789
790
790
791
791
793
793
793
793
794
794
794
794
794
794
794
794
794
794
794
794
794
794
794
794
794
794
795
795
795
795
796
796
797
798
799
799
800
801
802
802
802
802
802
802
803
805
806
806
806
806
806
