1
2
5
8
11
13
14
17
19
20
21
22
23
26
27
28
29
32
34
36
39
41
43
44
45
46
49
50
53
55
56
57
60
62
64
66
67
69
70
71
74
75
76
77
80
81
82
85
87
88
91
92
94
95
97
100
102
103
105
108
109
110
113
114
115
117
118
120
122
124
125
127
128
129
131
132
134
135
137
138
140
141
142
144
145
146
148
149
150
153
155
156
158
161
162
163
165
168
170
173
174
176
178
180
182
184
185
186
189
189
192
193
195
198
201
203
204
207
209
211
213
215
216
219
220
222
225
226
227
229
231
232
234
237
238
241
242
243
244
247
250
252
254
256
259
260
263
265
268
269
271
274
276
277
278
279
282
284
287
288
291
292
294
295
296
297
298
300
303
305
306
308
311
312
313
316
317
320
321
322
324
327
329
330
331
333
334
337
339
340
343
345
347
349
350
353
355
355
358
360
361
363
365
368
371
374
377
379
382
384
385
386
388
389
391
392
394
396
397
399
400
401
402
404
406
407
410
412
413
416
419
422
425
427
430
433
434
437
438
439
439
440
442
443
444
446
447
450
451
453
456
458
459
459
460
461
464
467
468
468
470
472
473
474
475
477
478
480
483
485
487
489
492
493
496
499
500
501
503
504
507
510
511
511
514
516
517
519
521
523
524
527
527
529
530
531
533
536
537
539
541
542
544
544
546
549
551
551
554
555
558
559
560
563
566
566
569
571
571
573
573
574
576
577
578
578
579
581
583
585
587
590
591
592
593
594
595
598
600
601
602
604
605
608
609
612
614
615
616
618
620
622
622
623
624
624
627
628
629
632
634
635
636
639
640
643
644
644
645
646
647
648
650
651
654
656
657
658
659
661
662
664
665
667
667
669
670
671
672
672
673
676
679
680
682
684
685
688
690
692
694
695
697
699
699
702
702
704
705
707
709
710
712
713
715
716
716
719
719
721
722
723
726
729
731
732
734
735
737
739
742
743
744
744
745
745
747
748
750
752
754
757
757
759
761
761
761
763
764
766
768
770
773
774
775
776
778
780
782
784
785
787
789
790
792
792
794
796
797
799
799
799
800
802
804
806
807
807
808
808
809
810
811
811
811
814
815
818
820
823
823
823
824
826
826
828
830
831
833
836
837
838
840
842
845
846
846
846
846
847
849
851
853
856
857
858
859
861
863
864
865
868
869
872
875
878
879
880
881
882
884
884
886
887
890
891
894
897
900
901
903
904
905
906
907
908
909
911
913
914
915
916
918
919
922
922
925
927
928
929
929
930
932
935
937
938
941
942
943
945
947
948
950
952
954
955
956
958
960
961
962
964
966
967
967
969
970
972
972
972
974
976
977
979
980
980
981
982
984
987
987
988
990
991
992
994
995
996
997
999
999
1001
1002
1003
1005
1006
1007
1009
1009
1009
1011
1014
1017
1019
1020
1020
1021
1023
1025
1025
1027
1027
1028
1030
1031
1033
1036
1038
1040
1042
1043
1046
1048
1050
1051
1053
1054
1056
1058
1061
1063
1064
1065
1068
1069
1069
1069
1072
1072
1072
1074
1075
1077
1079
1080
1080
1082
1084
1087
1087
1089
1089
1091
1093
1093
1094
1096
1096
1097
1100
1100
1100
1102
1102
1103
1105
1107
1107
1108
1111
1114
1115
1117
1117
1117
1118
1121
1124
1125
1128
1129
1132
1132
1133
1134
1134
1135
1136
1138
1139
1141
1143
1145
1145
1145
1146
1146
1148
1150
1152
1153
1153
1154
1156
1157
1158
1158
1160
1161
1162
1163
1166
1169
1169
1171
1173
1173
1174
1175
1176
1177
1177
1180
1180
1181
1182
1183
1183
1184
1185
1187
1187
1188
1188
1189
1191
1193
1195
1196
1197
1198
1200
1200
1201
1204
1204
1204
1206
1207
1209
1211
1213
1216
1216
1216
1217
1217
1217
1218
1219
1221
1223
1225
1227
1230
1230
1231
1233
1235
1236
1236
1237
1238
1239
1239
1240
1240
1241
1243
1244
1245
1246
1247
1247
1248
1249
1250
1251
1252
1253
1255
1256
1257
1258
1259
1260
1261
1263
1263
1264
1266
1267
1268
1269
1270
1270
1273
1274
1274
1275
1275
1276
1278
1279
1280
1281
1281
1282
1282
1283
1283
1283
1284
1285
1286
1287
1288
1289
1289
1289
1289
1291
1291
1294
1295
1295
1296
1298
1298
1299
1300
1301
1301
1303
1303
1304
1306
1308
1309
1309
1310
1312
1312
1315
1316
1316
1317
1317
1317
1317
1318
1318
1319
1319
1319
1320
1320
1320
1322
1324
1324
1327
1329
1332
1333
1333
1334
1334
1334
1335
1337
1338
1341
1343
1343
1343
1345
1347
1347
1348
1351
1354
1355
1356
1357
1358
1359
1359
1361
1362
1363
1363
1363
1363
1365
1365
1367
1367
1367
1367
1367
1369
1370
1371
1374
1375
1375
1376
1377
1379
1380
1381
1382
1383
1383
1385
1386
1387
1387
1388
1389
1390
1391
1392
1392
1393
1393
1393
1396
1398
1399
1400
1401
1402
1404
1404
1405
1406
1408
1410
1411
1412
1412
1412
1413
1414
1414
1415
1417
1418
1418
1418
1421
1422
1423
1424
1427
1427
1427
1427
1428
1429
1431
1434
1436
1438
1439
1440
1441
1442
1442
1442
1443
1446
1446
1446
1446
1447
1447
1449
1450
1451
1453
1453
1455
1455
1457
1458
1459
1460
1462
1462
1464
1464
1467
1468
1468
1469
1471
1471
1473
1474
1474
1474
1475
1476
1476
1478
1480
1481
1482
1483
1486
1487
1489
1490
1492
1493
1496
1496
1498
1498
1498
1499
1501
1502
1503
1504
1505
1506
1507
1509
1511
1512
1513
1513
1513
1514
1516
1517
1518
1520
1521
1524
1526
1526
1527
1527
1529
1531
1532
1533
1534
1536
1537
1538
1538
1539
1541
1542
1542
1543
1544
1545
1546
1546
1546
1547
1548
1549
1550
1550
1550
1551
1551
1551
1553
1553
1555
1555
1555
1556
1557
1558
1559
1559
1559
1560
1562
1564
1566
1566
1567
1568
1568
1569
1570
1570
1570
1570
1572
1573
1573
1575
1575
1576
1577
1577
1579
1580
1581
1583
1583
1583
1584
1584
1584
1584
1585
1586
1586
1587
1588
1588
1589
1591
1593
1594
1596
1596
1596
1597
1597
1598
1598
1599
1601
1602
1603
1604
1606
1606
1606
1606
1608
1609
1609
1610
1610
1610
1610
1611
1613
1615
1616
1617
1620
1620
1621
1622
1624
1625
1625
1626
1627
1628
1628
1630
1630
1630
1631
1631
1632
1632
1633
1633
1634
1635
1635
1636
1636
1639
1641
1643
1643
1645
1646
1647
1647
1647
1648
1650
1652
1652
1653
1653
1653
1655
1655
1655
1655
1655
1655
1655
1656
1656
1657
1658
1658
1659
1660
1661
1661
1661
1661
1662
1663
1663
1663
1663
1664
1664
1664
1666
1666
1666
1668
1668
1670
1670
1670
1670
1670
1670
1671
1671
1671
1672
1672
1672
1672
1674
1675
1675
1676
1677
1678
1679
1679
1681
1682
1683
1684
1685
1686
1686
1686
1686
1686
1687
1687
1687
1687
1687
1688
1688
1690
1691
1691
1692
1692
1694
1694
1695
1696
1696
1698
1699
1700
1701
1703
1703
1704
1704
1706
1708
1710
1710
1712
1713
1714
1715
1716
1717
1717
1717
1717
1718
1719
1721
1721
1721
1722
1723
1724
1725
1725
1725
1725
1726
1726
1726
1727
1728
1728
1728
1729
1730
1730
1731
1732
1732
1732
1734
1734
1734
1736
1737
1738
1738
1739
1740
1741
1742
1744
1746
1748
1748
1748
1750
1750
1750
1752
1753
1754
1754
1754
1755
1757
1758
1759
1760
1761
1762
1763
1764
1765
1765
1765
1766
1767
1767
1768
1768
1769
1769
1769
1771
1774
1774
1774
1774
1776
1776
1777
1777
1777
1777
1778
1780
1781
1782
1783
1783
1783
1783
1784
1784
1785
1785
1786
1788
1789
1790
1791
1792
1792
1792
1794
1796
1796
1796
1796
1796
1798
1801
1804
1804
1804
1804
1804
1805
1805
1805
1806
1807
1807
1807
1807
1809
1809
1809
1810
1810
1810
1811
1812
1813
1813
1813
1814
1814
1814
1815
1815
1815
1816
1816
1816
1816
1817
1817
1817
1817
1817
1817
1817
1817
1818
1820
1821
1822
1823
1824
1824
1824
1825
1825
1827
1828
1828
1829
1830
1832
1833
1834
1834
1835
1837
1838
1838
1838
1838
1838
1839
1839
1839
1839
1840
1841
1842
1842
1843
1843
1843
1843
1844
1845
1846
1846
1847
1847
1847
1848
1848
1848
1848
1849
1849
1850
1851
1852
1852
1854
1855
1855
1855
1856
1858
1858
1858
1858
1859
1859
1860
1863
1863
1863
1863
1863
1863
1863
1864
1864
1866
1866
1867
1867
1869
1870
1871
1871
1872
1872
1873
1873
1874
1874
1876
1876
1877
1878
1879
1880
1882
1882
1882
1883
1884
1887
1887
1888
1888
1888
1889
1889
1890
1892
1893
1893
1894
1894
1895
1898
1898
1898
1899
1900
1900
1900
1902
1902
1904
1904
1904
1904
1904
1905
1905
1906
1906
1906
1908
1908
1908
1909
1909
1909
1909
1909
1909
1910
1910
1910
1910
1910
1910
1910
1910
1910
1913
1914
1914
1914
1915
1915
1915
1915
1915
1915
1916
1917
1918
1919
1919
1922
1923
1923
1923
1923
1925
1925
1925
1925
1925
1925
1926
1927
1929
1929
1929
1929
1929
1930
1930
1931
1931
1931
1931
1931
1931
1933
1935
1935
1935
1935
1935
1936
1936
1936
1937
1937
1937
1937
1938
1940
1940
1941
1941
1942
1942
1942
1942
1942
1943
1943
1943
1943
1945
1946
1946
1949
1949
1949
1950
1950
1950
1950
1950
1950
1950
1951
1953
1954
1954
1955
1956
1957
1959
1962
1962
1963
1963
1964
1964
1964
1964
1965
1966
1966
1967
1967
1969
1969
1969
1969
1970
1970
1970
1971
1971
1971
1971
1971
1971
1971
1971
1971
1971
1973
1973
1973
1975
1975
1976
1976
1976
1976
1977
1977
1978
1979
1980
1980
1981
1983
1984
1985
1985
1985
1985
1985
1986
1987
1988
1988
1988
1988
1988
