0
0
0
0
0
0
0
0
0
0
0
0
0
0
0
0
0
0
0
0
0
0
0
0
0
0
0
1
1
1
1
2
2
2
2
2
2
2
2
2
2
2
2
2
2
2
2
2
2
2
2
2
2
2
2
2
2
2
2
2
2
2
2
2
2
3
3
3
3
3
3
3
3
3
3
3
3
3
3
3
3
3
3
3
3
3
4
4
4
4
4
4
4
4
4
4
4
4
4
4
4
4
4
4
4
4
4
4
4
5
5
5
5
5
5
5
5
5
5
5
5
5
5
5
5
5
5
5
5
6
6
6
6
6
6
6
6
6
6
6
6
6
6
6
6
6
6
6
6
8
8
8
8
8
8
8
8
8
8
8
8
8
8
8
9
9
9
9
9
9
9
9
9
9
10
10
10
10
10
10
10
10
10
10
10
10
11
11
11
11
11
11
11
11
11
11
11
12
12
12
12
12
12
12
12
12
12
12
12
12
12
12
13
13
13
13
13
13
15
15
15
15
15
16
16
16
16
16
18
18
18
18
18
18
18
18
18
18
18
18
20
20
20
20
20
20
20
20
20
20
20
21
21
24
24
24
24
24
24
25
25
25
25
25
26
26
26
26
26
27
28
28
28
28
28
28
29
29
29
30
30
30
30
32
32
32
32
32
32
32
32
32
34
34
34
34
34
34
36
36
36
36
36
37
37
37
38
39
39
39
39
39
41
41
41
42
42
42
43
43
44
44
44
46
46
48
48
48
49
49
49
49
49
49
49
49
49
49
49
50
52
52
52
52
52
52
52
52
52
52
52
52
55
55
55
56
56
56
56
56
56
56
57
57
57
57
57
60
60
62
64
64
64
64
64
65
65
67
67
67
68
69
69
70
72
73
73
73
74
76
76
76
76
76
77
78
78
78
78
78
78
79
79
79
82
82
84
85
85
85
85
85
85
85
85
85
88
88
90
90
90
92
92
92
93
93
93
94
94
94
94
94
94
96
96
98
98
100
100
100
101
101
104
104
104
107
108
108
108
109
109
109
109
109
109
109
109
109
109
109
109
109
109
109
109
111
111
111
112
112
113
114
114
114
114
114
114
115
116
117
117
118
120
123
124
124
124
124
124
124
127
128
130
131
132
132
133
133
134
134
135
135
135
135
135
135
137
140
142
143
143
143
143
143
144
144
144
145
145
145
145
145
145
145
145
145
145
147
147
147
147
149
149
149
149
149
149
149
149
150
150
152
152
154
154
154
154
154
155
155
157
157
158
158
158
160
160
160
162
163
164
165
165
165
165
166
166
166
166
166
167
167
168
169
169
169
169
169
169
170
170
170
171
172
173
173
174
174
176
178
178
179
179
180
180
181
183
184
184
184
187
189
190
190
190
190
190
190
190
190
191
191
191
191
191
191
193
193
195
198
198
198
198
198
200
202
203
203
204
206
206
207
207
207
209
209
209
209
209
209
209
209
209
209
209
210
210
211
212
212
212
212
212
212
214
216
217
217
219
220
220
220
220
220
220
222
222
223
223
224
224
225
225
226
229
231
231
232
232
232
234
235
235
236
238
238
238
241
241
241
241
242
243
245
246
248
248
248
249
249
251
251
252
252
254
256
258
258
258
258
258
259
260
261
262
262
263
263
264
264
265
266
266
266
266
268
270
271
271
271
271
271
271
272
272
272
275
275
275
275
275
276
276
279
280
280
281
282
284
284
284
287
287
290
290
290
290
290
290
290
292
292
294
294
294
296
298
298
299
300
301
302
302
305
308
308
310
312
312
312
313
313
313
314
314
315
315
315
315
317
319
319
319
319
322
324
325
325
326
326
327
327
327
328
329
329
329
331
331
333
333
334
336
336
336
338
338
338
339
340
340
340
340
340
340
342
342
342
345
345
347
347
347
347
348
350
351
351
354
354
357
359
359
359
360
361
362
362
363
366
368
368
371
371
373
374
376
376
379
381
381
382
385
386
387
388
389
390
390
391
393
394
395
395
396
399
400
401
402
405
407
410
411
413
416
417
419
421
421
422
423
423
424
424
424
427
429
430
433
433
433
433
433
433
436
438
438
438
440
440
440
440
442
444
446
446
446
449
449
449
449
451
454
456
457
458
458
459
462
464
466
466
466
466
466
468
470
471
471
471
471
472
474
474
476
476
476
478
481
482
482
482
482
483
486
486
489
492
492
492
492
492
494
494
495
498
500
500
501
502
504
504
506
507
509
509
510
510
510
510
511
512
512
512
513
513
513
514
517
520
521
523
523
523
523
523
524
526
527
527
529
530
532
532
535
536
537
537
540
540
541
541
541
544
544
547
547
547
548
550
551
552
552
555
555
557
559
561
561
563
563
564
567
569
571
571
574
574
574
574
576
576
576
576
576
578
579
579
579
580
580
582
585
587
587
587
587
587
587
588
588
588
588
588
590
593
594
594
594
594
594
594
594
594
594
595
595
598
598
598
599
600
601
601
601
603
604
604
604
604
606
606
606
607
607
609
610
610
610
610
612
614
616
617
619
621
622
624
624
626
627
628
630
632
633
635
638
639
640
640
640
643
644
646
648
649
650
651
652
654
655
657
660
660
661
663
665
668
668
669
671
672
673
675
675
678
680
682
683
683
685
685
685
688
688
689
689
689
690
691
694
694
697
697
698
700
700
701
701
703
703
706
709
710
710
712
715
715
716
718
719
720
720
721
721
723
723
724
726
726
727
727
728
730
731
731
734
734
736
739
740
741
741
744
745
748
748
749
751
751
754
754
755
755
756
757
757
757
760
761
761
761
761
763
764
766
767
768
770
773
774
775
777
778
779
782
784
784
785
787
787
787
790
791
794
795
795
796
798
799
799
802
804
804
805
806
806
808
809
811
812
813
814
816
816
818
820
820
821
824
825
826
826
828
830
831
833
835
837
837
837
838
840
840
840
843
845
847
849
849
851
852
855
858
859
861
862
863
866
868
869
869
872
873
874
877
878
878
879
880
880
881
882
884
885
885
885
887
887
887
887
887
889
889
890
893
895
897
899
899
901
903
905
905
905
907
909
912
913
913
915
918
918
918
920
923
924
924
926
926
926
928
930
931
932
935
936
936
936
939
940
940
941
941
941
942
943
945
946
946
947
948
948
950
950
952
954
954
954
954
954
956
956
956
956
957
958
961
962
964
965
966
968
971
972
973
974
974
974
976
979
981
981
984
984
985
986
987
988
989
990
991
991
994
997
1000
1002
1004
1005
1007
1009
1009
1011
1011
1012
1013
1015
1018
1019
1020
1021
1024
1025
1026
1027
1027
1027
1029
1032
1034
1036
1037
1039
1041
1041
1041
1044
1046
1047
1047
1050
1053
1053
1056
1058
1060
1062
1062
1063
1066
1066
1068
1069
1069
1070
1073
1073
1076
1077
1079
1080
1081
1082
1085
1086
1089
1091
1092
1092
1093
1093
1093
1094
1096
1097
1098
1098
1101
1102
1103
1105
1105
1107
1108
1110
1110
1113
1113
1113
1113
1114
1115
1118
1119
1120
1123
1124
1125
1125
1127
1127
1128
1128
1130
1132
1135
1137
1137
1138
1140
1140
1142
1143
1143
1146
1149
1152
1152
1153
1154
1154
1154
1156
1157
1158
1159
1161
1161
1162
1165
1167
1169
1170
1171
1173
1173
1176
1179
1182
1183
1184
1185
1185
1186
1187
1188
1190
1193
1194
1194
1194
1197
1199
1200
1201
1203
1204
1205
1205
1206
1207
1207
1209
1209
1209
1211
1213
1213
1214
1214
1215
1216
1217
1219
1221
1224
1224
1224
1226
1229
1229
1231
1231
1231
1232
1234
1235
1235
1238
1241
1241
1242
1242
1243
1244
1246
1247
1249
1250
1250
1252
1253
1253
1254
1257
1258
1260
1263
1266
1267
1269
1271
1273
1276
1277
1279
1281
1282
1284
1287
1287
1287
1290
1292
1292
1295
1298
1299
1300
1301
1302
1304
1305
1306
1308
1308
1310
1311
1313
1315
1316
1317
1319
1320
1323
1325
1325
1326
1326
1329
1332
1333
1334
1335
1337
1337
1339
1341
1343
1346
1348
1348
1349
1350
1351
1354
1355
1355
1357
1359
1359
1362
1364
1365
1367
1368
1369
1371
1373
1374
1376
1379
1381
1382
1384
1386
1389
1390
1390
1391
1393
1393
1396
1399
1400
1403
1405
1408
1410
1412
1414
1414
1415
1416
1419
1419
1419
1420
1420
1420
1421
1421
1424
1425
1427
1430
1431
1431
1431
1434
1436
1438
1438
1439
1442
1445
1445
1447
1449
1451
1453
1454
1455
1457
1459
1461
1462
1464
1466
1466
1468
1469
1470
1473
1475
1477
1479
1480
1482
1485
1485
1487
1489
1492
1492
1493
1493
1493
1495
1497
1499
1501
1502
1502
1503
1505
1506
1507
1508
