2994.9399999999973
3011.3499999999976
3016.8199999999974
3027.7599999999975
3038.6999999999975
3044.169999999998
3060.5799999999977
3076.9899999999975
3087.9299999999976
3319.8699999999976
3325.3399999999974
3336.279999999998
3347.2199999999975
3352.689999999998
3369.0999999999976
3385.5099999999975
3401.919999999998
3407.3899999999976
3412.8599999999974
3423.7999999999975
3655.7399999999975
3661.2099999999978
3677.6199999999976
3683.0899999999974
3699.4999999999977
3710.439999999998
3710.439999999998
3726.8499999999976
3743.2599999999975
3748.7299999999977
3980.669999999998
3997.0799999999977
4008.0199999999977
4018.9599999999973
4029.8999999999974
4040.8399999999974
4057.2499999999973
4073.6599999999976
4311.069999999998
4327.479999999998
4338.419999999997
4343.889999999998
4349.359999999997
4365.769999999998
4376.709999999997
4382.179999999998
4387.649999999998
4393.119999999997
4404.059999999998
4414.999999999997
4646.939999999998
4652.409999999997
4663.349999999998
4679.7599999999975
4674.289999999997
4685.229999999998
4685.229999999998
4696.169999999997
4701.639999999998
4712.579999999997
4728.989999999997
4739.929999999998
4971.869999999997
4982.809999999998
4988.279999999998
4999.2199999999975
5004.689999999998
5010.159999999998
5026.569999999998
5037.5099999999975
5048.449999999998
5053.919999999997
5064.859999999998
5070.329999999998
5075.799999999997
5313.209999999997
5324.149999999998
5329.619999999998
5335.089999999997
5340.559999999998
5346.029999999998
5346.029999999998
5351.499999999998
5362.439999999998
5373.379999999998
5384.319999999998
5395.2599999999975
5400.729999999998
5406.199999999998
5643.609999999998
5654.549999999997
5670.959999999998
5681.899999999998
5687.369999999998
5692.839999999997
5709.249999999998
5720.189999999998
5736.599999999998
5963.069999999998
5979.479999999998
5990.419999999998
6001.359999999998
6006.829999999998
6006.829999999998
6012.299999999998
6017.769999999998
6034.1799999999985
6034.1799999999985
6034.1799999999985
6034.1799999999985
6045.119999999998
6056.059999999998
6066.999999999998
6304.409999999998
6315.349999999998
6331.759999999998
6337.229999999998
6348.169999999998
6359.109999999998
6364.579999999998
6380.989999999998
6397.399999999998
6629.339999999998
6634.809999999998
6640.279999999998
6656.689999999999
6667.629999999998
6673.0999999999985
6689.509999999998
6694.979999999998
6700.449999999998
6705.919999999998
6711.3899999999985
6716.859999999998
6954.269999999999
6970.6799999999985
6976.149999999998
6987.089999999998
6998.029999999998
7003.499999999998
7014.439999999999
7019.909999999998
7030.8499999999985
7047.259999999998
7284.669999999998
7295.609999999999
7312.019999999999
7328.4299999999985
7344.839999999998
7361.249999999998
7361.249999999998
7361.249999999998
7366.719999999998
7383.129999999998
7383.129999999998
7388.5999999999985
7620.539999999998
7626.009999999998
7642.419999999998
7658.829999999998
7664.299999999998
7680.709999999998
7680.709999999998
7691.649999999998
7702.589999999998
7708.059999999998
7713.529999999998
7718.999999999998
7950.939999999999
7956.409999999998
7961.879999999998
7972.819999999998
7983.759999999998
7989.229999999999
8005.6399999999985
8016.579999999998
8027.519999999999
8032.989999999998
8043.9299999999985
8275.869999999999
8286.809999999998
8297.749999999998
8308.689999999999
8308.689999999999
8325.099999999999
8336.039999999999
8352.449999999999
8357.919999999998
8368.859999999999
8606.269999999999
8611.739999999998
8617.21
8633.619999999999
8639.089999999998
8644.56
8650.029999999999
8666.439999999999
8677.38
8693.789999999999
8710.199999999999
8942.14
8958.55
8958.55
8974.96
8991.369999999999
8996.839999999998
9007.779999999999
9018.72
9029.66
9029.66
9035.13
9040.599999999999
9035.13
9267.07
9278.009999999998
9288.949999999999
9299.89
9310.829999999998
9327.24
9343.65
9360.06
9360.06
9360.06
9360.06
9365.529999999999
9597.47
9602.939999999999
9619.349999999999
9619.349999999999
9630.289999999999
9635.759999999998
9635.759999999998
9652.169999999998
9663.109999999999
9674.05
9690.46
9690.46
9695.929999999998
9701.4
9927.869999999999
9938.81
9938.81
9949.75
9955.22
9955.22
9955.22
9966.16
9966.16
9971.63
9971.63
9982.57
9988.039999999999
9993.509999999998
10004.449999999999
10020.859999999999
10026.33
10263.74
10280.15
10285.619999999999
10296.56
10312.97
10318.439999999999
10318.439999999999
10334.849999999999
10345.789999999999
10345.789999999999
10356.73
10588.67
10605.08
10605.08
10616.019999999999
10621.49
10621.49
10626.96
10632.43
10632.43
10632.43
10632.43
10643.369999999999
10643.369999999999
10659.779999999999
10659.779999999999
10670.72
10676.189999999999
10676.189999999999
10681.66
10692.6
10692.6
10692.6
10930.01
10930.01
10935.48
10940.949999999999
10940.949999999999
10946.42
10951.89
10957.359999999999
10962.83
10968.3
10984.71
10990.18
10995.65
11001.119999999999
11017.529999999999
11012.06
11017.529999999999
11017.529999999999
11023.0
11260.41
11265.88
11276.82
11282.289999999999
11282.289999999999
11282.289999999999
11298.7
11298.7
11304.17
11309.64
11315.11
11320.58
11326.05
11336.99
11353.4
11579.869999999999
11585.34
11590.81
11607.22
11607.22
11607.22
11612.69
11612.69
11618.16
11618.16
11618.16
11629.1
11640.039999999999
11650.98
11661.92
11656.45
11661.92
11667.39
11667.39
11672.86
11672.86
11678.33
11678.33
11683.8
11683.8
11910.27
11910.27
11926.68
11932.15
11943.09
11948.56
11964.970000000001
11970.44
11981.380000000001
11981.380000000001
11986.85
12003.26
12003.26
12003.26
12240.67
12246.14
12257.08
12268.02
12284.43
12295.37
12300.84
12317.25
12328.19
12333.66
12339.130000000001
12571.07
12576.54
12582.01
12592.95
12609.36
12620.300000000001
12631.24
12642.18
12653.12
12669.53
12906.94
12912.41
12923.35
12928.82
12934.29
12945.23
12950.7
12961.640000000001
12961.640000000001
12972.58
12978.050000000001
12988.99
13005.400000000001
13237.34
13237.34
13242.810000000001
13242.810000000001
13253.75
13253.75
13253.75
13259.220000000001
13259.220000000001
13264.69
13264.69
13259.220000000001
13259.220000000001
13259.220000000001
13264.69
13264.69
13275.630000000001
13281.1
13286.57
13297.51
13302.98
13302.98
13308.45
13324.86
13330.33
13330.33
13319.39
13324.86
13562.27
13573.210000000001
13584.15
13589.62
13595.09
13595.09
13595.09
13600.56
13600.56
13616.97
13627.91
13633.380000000001
13644.32
13660.73
13666.2
13892.67
13892.67
13892.67
13909.08
13914.550000000001
13920.02
13930.960000000001
13941.9
13941.9
13947.37
13952.84
13952.84
13952.84
13952.84
13952.84
13969.25
13974.720000000001
13980.19
13980.19
13991.130000000001
14223.07
14223.07
14228.54
14234.01
14234.01
14239.48
14255.890000000001
14266.83
14266.83
14266.83
14283.24
14283.24
14288.710000000001
14299.650000000001
14299.650000000001
14299.650000000001
14294.18
14310.59
14316.060000000001
14316.060000000001
14321.53
14321.53
14553.470000000001
14558.94
14564.41
14564.41
14569.880000000001
14586.29
14586.29
14597.230000000001
14608.17
14613.640000000001
14630.050000000001
14635.52
14646.460000000001
14651.93
14657.400000000001
14889.34
14905.75
14916.69
14922.160000000002
14922.160000000002
14938.570000000002
14944.04
14949.51
14960.45
14965.92
14965.92
14976.86
14982.330000000002
15214.27
15214.27
15214.27
15225.210000000001
15225.210000000001
15230.68
15230.68
15241.62
15241.62
15252.560000000001
15268.970000000001
15268.970000000001
15274.44
15274.44
15279.91
15290.85
15296.320000000002
15301.79
15301.79
15307.26
15307.26
15318.2
15544.67
15544.67
15555.61
15561.080000000002
15572.02
15566.550000000001
15566.550000000001
15572.02
15577.490000000002
15588.43
15593.900000000001
15593.900000000001
15593.900000000001
15593.900000000001
15593.900000000001
15599.37
15610.310000000001
15610.310000000001
15626.720000000001
15637.660000000002
15643.130000000001
15875.070000000002
15875.070000000002
15875.070000000002
15880.54
15880.54
15880.54
15886.01
15886.01
15886.01
15886.01
15896.95
15902.42
15907.890000000001
15913.36
15913.36
15918.83
15929.77
15935.240000000002
15935.240000000002
15935.240000000002
15946.18
15946.18
15962.59
15962.59
15962.59
15973.53
16205.470000000001
16210.94
16216.410000000002
16216.410000000002
16216.410000000002
16221.880000000001
16232.820000000002
16238.29
16243.76
16249.230000000001
16249.230000000001
16254.7
16260.17
16271.11
16282.050000000001
16282.050000000001
16282.050000000001
16287.52
16287.52
16287.52
16287.52
16292.990000000002
16309.400000000001
16535.870000000003
16530.4
16530.4
16541.34
16546.81
16546.81
16557.75
16557.75
16574.16
16579.63
16579.63
16585.100000000002
16590.57
16601.510000000002
16601.510000000002
16590.57
16590.57
16601.510000000002
16606.98
16601.510000000002
16612.45
16612.45
16623.39
16628.86
16628.86
16866.27
16882.68
16888.15
16888.15
16888.15
16893.620000000003
16893.620000000003
16893.620000000003
16893.620000000003
16893.620000000003
16888.15
16899.09
16899.09
16899.09
16915.5
16915.5
16915.5
16920.97
16920.97
16926.440000000002
16937.38
16948.32
16964.73
16964.73
16970.2
16970.2
16970.2
16970.2
16970.2
17196.670000000002
17196.670000000002
17202.14
17202.14
17218.550000000003
17224.02
17218.550000000003
17218.550000000003
17218.550000000003
17218.550000000003
17218.550000000003
17229.49
17229.49
17240.43
17240.43
17240.43
17245.9
17245.9
17256.84
17256.84
17256.84
17256.84
17256.84
17262.31
17262.31
17273.25
17284.190000000002
17284.190000000002
17289.66
17295.13
17295.13
17527.07
17527.07
17532.54
17538.010000000002
17538.010000000002
17543.48
17543.48
17543.48
17543.48
17543.48
17543.48
17554.420000000002
17559.89
17559.89
17559.89
17565.36
17570.83
17570.83
17570.83
17570.83
17570.83
17581.77
17587.24
17587.24
17592.710000000003
17598.18
17598.18
17609.120000000003
17609.120000000003
17614.59
17625.530000000002
17631.0
17631.0
17857.47
17868.41
17873.88
17879.350000000002
17879.350000000002
17879.350000000002
17879.350000000002
17895.760000000002
17901.230000000003
17901.230000000003
17901.230000000003
17901.230000000003
17901.230000000003
17901.230000000003
17901.230000000003
17906.7
17906.7
17895.760000000002
17895.760000000002
17895.760000000002
17901.230000000003
17912.170000000002
17912.170000000002
17912.170000000002
17923.11
17923.11
17923.11
17923.11
17923.11
17923.11
17934.050000000003
17934.050000000003
17939.52
17939.52
17950.460000000003
17955.93
17944.99
17955.93
17961.4
17955.93
17955.93
18187.870000000003
18187.870000000003
18198.81
18198.81
18204.280000000002
18215.22
18220.690000000002
18226.16
18226.16
18231.63
18231.63
18237.100000000002
18237.100000000002
18237.100000000002
18237.100000000002
18248.04
18248.04
18248.04
18248.04
18248.04
18253.510000000002
18253.510000000002
18253.510000000002
18253.510000000002
18253.510000000002
18248.04
18253.510000000002
18253.510000000002
18258.980000000003
18253.510000000002
18258.980000000003
18258.980000000003
18258.980000000003
18258.980000000003
18258.980000000003
18258.980000000003
18264.45
18269.920000000002
18269.920000000002
18275.39
18280.86
18286.33
18518.27
18518.27
18529.210000000003
18529.210000000003
18529.210000000003
18523.74
18540.15
18534.68
18534.68
18534.68
18540.15
18545.620000000003
18545.620000000003
18540.15
18545.620000000003
18556.56
18556.56
18556.56
18556.56
18567.5
18578.440000000002
18583.91
18594.850000000002
18594.850000000002
18594.850000000002
18600.32
18600.32
18600.32
18600.32
18600.32
18600.32
18611.260000000002
18611.260000000002
18616.730000000003
18622.2
18622.2
18848.670000000002
18854.140000000003
18859.61
18859.61
18859.61
18865.08
18865.08
18876.02
18876.02
18876.02
18876.02
18876.02
18886.960000000003
18886.960000000003
18886.960000000003
18886.960000000003
18886.960000000003
18886.960000000003
18886.960000000003
18897.9
18892.43
18892.43
18897.9
18897.9
18897.9
18903.370000000003
18903.370000000003
18903.370000000003
18919.780000000002
18919.780000000002
18919.780000000002
18919.780000000002
18919.780000000002
18919.780000000002
18919.780000000002
18919.780000000002
18919.780000000002
18908.840000000004
18908.840000000004
18903.370000000003
18903.370000000003
18903.370000000003
18903.370000000003
18903.370000000003
18908.840000000004
18919.780000000002
18919.780000000002
18930.72
18930.72
18936.190000000002
18930.72
18930.72
18930.72
18930.72
18930.72
18930.72
18936.190000000002
18936.190000000002
18941.660000000003
18941.660000000003
18952.600000000002
18952.600000000002
18952.600000000002
19179.070000000003
19184.54
19184.54
19184.54
19184.54
19184.54
19184.54
19190.010000000002
19200.95
19200.95
19200.95
19211.890000000003
19217.36
19222.83
19233.77
19228.300000000003
19228.300000000003
19228.300000000003
19228.300000000003
19233.77
19233.77
19233.77
19233.77
19239.24
19255.65
19261.120000000003
19261.120000000003
19261.120000000003
19272.06
19509.47
19520.410000000003
19525.88
19525.88
19525.88
19525.88
19536.820000000003
19542.29
19542.29
19542.29
19542.29
19536.820000000003
19542.29
19547.760000000002
19553.230000000003
19553.230000000003
19553.230000000003
19558.7
19558.7
19553.230000000003
19553.230000000003
19553.230000000003
19553.230000000003
19547.760000000002
19547.760000000002
19547.760000000002
19547.760000000002
19547.760000000002
19553.230000000003
19553.230000000003
19553.230000000003
19553.230000000003
19558.7
19564.170000000002
19564.170000000002
19558.7
19564.170000000002
19564.170000000002
19569.640000000003
19575.11
19575.11
19575.11
19580.58
19586.050000000003
19586.050000000003
19586.050000000003
19586.050000000003
19586.050000000003
19586.050000000003
19586.050000000003
19586.050000000003
19586.050000000003
19586.050000000003
19586.050000000003
19586.050000000003
19602.460000000003
19613.4
19613.4
19613.4
19613.4
19613.4
19613.4
19613.4
19613.4
19839.870000000003
19839.870000000003
19839.870000000003
19845.34
19845.34
19845.34
19850.81
19856.280000000002
19856.280000000002
19856.280000000002
19872.690000000002
19872.690000000002
19872.690000000002
19872.690000000002
19872.690000000002
19883.63
19883.63
19883.63
19883.63
19883.63
19883.63
19883.63
19878.16
19878.16
19883.63
19872.690000000002
19872.690000000002
19872.690000000002
19872.690000000002
19872.690000000002
19872.690000000002
19872.690000000002
19872.690000000002
19878.16
19878.16
19878.16
19883.63
19894.57
19894.57
19894.57
19900.04
19905.510000000002
19905.510000000002
19905.510000000002
19905.510000000002
19905.510000000002
19900.04
19905.510000000002
19905.510000000002
19910.980000000003
19910.980000000003
19910.980000000003
19910.980000000003
19910.980000000003
19910.980000000003
19910.980000000003
19910.980000000003
19910.980000000003
19921.920000000002
19921.920000000002
19927.390000000003
19927.390000000003
19927.390000000003
19932.86
20170.27
20170.27
20186.68
20186.68
20186.68
20186.68
20186.68
20186.68
20192.15
20192.15
20192.15
20197.620000000003
20203.09
20203.09
20203.09
20203.09
20203.09
20203.09
20208.56
20208.56
20208.56
20208.56
20208.56
20214.030000000002
20214.030000000002
20224.97
20235.910000000003
20235.910000000003
20235.910000000003
20235.910000000003
20235.910000000003
20235.910000000003
20235.910000000003
20235.910000000003
20241.38
20241.38
20241.38
20241.38
20241.38
20246.850000000002
20246.850000000002
20246.850000000002
20246.850000000002
20241.38
20246.850000000002
20246.850000000002
20252.32
20252.32
20252.32
20263.260000000002
20263.260000000002
20263.260000000002
20263.260000000002
20263.260000000002
20268.730000000003
20268.730000000003
20274.2
20500.670000000002
20500.670000000002
20506.140000000003
20506.140000000003
20506.140000000003
20511.61
20511.61
20511.61
20511.61
20511.61
20517.08
20517.08
20517.08
20511.61
20511.61
20511.61
20511.61
20528.02
20528.02
20528.02
20528.02
20538.960000000003
20538.960000000003
20538.960000000003
20538.960000000003
20544.43
20549.9
20549.9
20549.9
20549.9
20549.9
20549.9
20549.9
20549.9
20549.9
20555.370000000003
20555.370000000003
20555.370000000003
20555.370000000003
20555.370000000003
20560.84
20560.84
20560.84
20566.31
20566.31
20566.31
20566.31
20571.780000000002
20571.780000000002
20577.25
20577.25
20577.25
20593.66
20593.66
20593.66
20604.600000000002
20604.600000000002
20604.600000000002
20842.010000000002
20842.010000000002
20842.010000000002
20842.010000000002
20847.480000000003
20847.480000000003
20847.480000000003
20847.480000000003
20847.480000000003
20858.420000000002
20858.420000000002
20858.420000000002
20858.420000000002
20863.89
20863.89
20863.89
20874.83
20869.36
20869.36
20869.36
20869.36
20869.36
20869.36
20874.83
20874.83
20874.83
20874.83
20874.83
20885.77
20891.24
20891.24
20891.24
20891.24
20891.24
20891.24
20896.710000000003
20896.710000000003
20896.710000000003
20902.18
20902.18
20902.18
20902.18
20902.18
20913.120000000003
20913.120000000003
20913.120000000003
20913.120000000003
20913.120000000003
20913.120000000003
20913.120000000003
20918.59
20913.120000000003
20913.120000000003
20913.120000000003
20913.120000000003
20913.120000000003
20913.120000000003
20913.120000000003
20924.06
20924.06
20918.59
20924.06
20918.59
20918.59
20918.59
20924.06
20924.06
20924.06
20924.06
20929.530000000002
21161.47
21172.41
21172.41
21177.88
21177.88
21183.350000000002
21183.350000000002
21183.350000000002
21183.350000000002
21172.41
21183.350000000002
21183.350000000002
21183.350000000002
21183.350000000002
21183.350000000002
21194.29
21194.29
21194.29
21194.29
21194.29
21194.29
21194.29
21194.29
21199.760000000002
21199.760000000002
21199.760000000002
21199.760000000002
21199.760000000002
21199.760000000002
21199.760000000002
21199.760000000002
21199.760000000002
21205.230000000003
21205.230000000003
21205.230000000003
21205.230000000003
21205.230000000003
21221.640000000003
21221.640000000003
21221.640000000003
21221.640000000003
21221.640000000003
21221.640000000003
21221.640000000003
21221.640000000003
21221.640000000003
21221.640000000003
21221.640000000003
21221.640000000003
21221.640000000003
21232.58
21232.58
21227.11
21227.11
21227.11
21221.64
21221.64
21221.64
21227.11
21227.11
21238.050000000003
21238.050000000003
21238.050000000003
21238.050000000003
21238.050000000003
21238.050000000003
21238.050000000003
21238.050000000003
21243.52
21243.52
21254.460000000003
21254.460000000003
21254.460000000003
21259.93
21259.93
21259.93
21259.93
21259.93
21259.93
21265.4
21265.4
21491.870000000003
21491.870000000003
21491.870000000003
21491.870000000003
21491.870000000003
21491.870000000003
21502.81
21502.81
21502.81
21502.81
21502.81
21508.280000000002
21508.280000000002
21508.280000000002
21508.280000000002
21502.81
21508.280000000002
21508.280000000002
21513.75
21513.75
21513.75
21513.75
21513.75
21513.75
21513.75
21513.75
21513.75
21513.75
21513.75
21513.75
21513.75
21513.75
21513.75
21513.75
21508.280000000002
21508.280000000002
21502.81
21502.81
21502.81
21502.81
21502.81
21502.81
21502.81
21502.81
21502.81
21502.81
21502.81
21502.81
21508.280000000002
21508.280000000002
21508.280000000002
21508.280000000002
21513.75
21513.75
21524.690000000002
21524.690000000002
21524.690000000002
21524.690000000002
21530.16
21530.16
21530.16
21530.16
21530.16
21530.16
21530.16
21530.16
21530.16
21530.16
21530.16
21530.16
21530.16
21530.16
21530.16
21530.16
21530.16
21530.16
21530.16
21530.16
21530.16
21530.16
21541.100000000002
21541.100000000002
21541.100000000002
21546.57
21546.57
21546.57
21552.04
21552.04
21552.04
21552.04
21552.04
21552.04
21557.510000000002
21557.510000000002
21557.510000000002
21557.510000000002
21557.510000000002
21546.57
21552.04
21552.04
21552.04
21552.04
21552.04
21552.04
21562.980000000003
21562.980000000003
21568.45
21568.45
21568.45
21568.45
21568.45
21568.45
21573.920000000002
21590.33
21822.27
21822.27
21833.210000000003
21827.74
21827.74
21833.210000000003
21838.68
21838.68
21838.68
21838.68
21838.68
21838.68
21838.68
21838.68
21838.68
21838.68
21838.68
21838.68
21838.68
21838.68
21838.68
21838.68
21838.68
21833.210000000003
21833.210000000003
21833.210000000003
21833.210000000003
21833.210000000003
21833.210000000003
21833.210000000003
21838.68
21838.68
21838.68
21838.68
21838.68
21838.68
21844.15
21844.15
21860.56
21860.56
21860.56
21855.09
21860.56
21860.56
21849.620000000003
21849.620000000003
21849.620000000003
21855.09
21855.09
21855.09
21855.09
21866.030000000002
21866.030000000002
21866.030000000002
21866.030000000002
21866.030000000002
21866.030000000002
21860.56
21860.56
21860.56
21860.56
21860.56
21860.56
21860.56
21860.56
21860.56
21860.56
21860.56
21860.56
21860.56
21860.56
21860.56
21860.56
21860.56
21860.56
21860.56
21860.56
21860.56
21860.56
21849.620000000003
21849.620000000003
21849.620000000003
21849.620000000003
21860.56
21860.56
21860.56
21860.56
21860.56
21860.56
21860.56
21860.56
21860.56
21860.56
21860.56
21860.56
21860.56
21866.030000000002
21871.5
21871.5
21871.5
21871.5
21866.030000000002
21866.030000000002
21866.030000000002
21866.030000000002
21866.030000000002
21866.030000000002
21866.030000000002
21866.030000000002
21866.030000000002
21866.030000000002
21866.030000000002
21866.030000000002
21866.030000000002
21866.030000000002
21866.030000000002
21866.030000000002
21866.030000000002
21866.030000000002
21866.030000000002
21866.030000000002
21866.030000000002
21866.030000000002
21871.5
21871.5
21871.5
21871.5
21871.5
21871.5
21871.5
21876.97
21871.5
21871.5
21871.5
21871.5
21871.5
21871.5
21871.5
21871.5
21871.5
21871.5
21871.5
21871.5
21871.5
21876.97
21876.97
21876.97
21882.440000000002
21887.910000000003
21887.910000000003
21887.910000000003
21887.910000000003
21887.910000000003
21898.850000000002
21904.320000000003
21904.320000000003
21904.320000000003
21904.320000000003
21909.79
21909.79
21909.79
21909.79
21909.79
21909.79
21909.79
21909.79
21909.79
21909.79
21909.79
21909.79
21898.850000000002
21898.850000000002
21898.850000000002
21893.38
21893.38
21893.38
21893.38
21909.79
21909.79
21904.320000000003
21904.320000000003
21904.320000000003
21904.320000000003
21904.320000000003
21904.320000000003
21904.320000000003
21904.320000000003
21904.320000000003
21898.850000000002
21898.850000000002
21898.850000000002
21898.850000000002
21898.850000000002
21898.850000000002
21898.850000000002
21898.850000000002
21898.850000000002
21898.850000000002
21898.850000000002
21898.850000000002
21904.320000000003
21904.320000000003
21904.320000000003
21904.320000000003
21904.320000000003
21904.320000000003
21904.320000000003
21904.320000000003
21904.320000000003
21904.320000000003
21904.320000000003
21904.320000000003
21904.320000000003
21904.320000000003
21904.320000000003
21904.320000000003
21904.320000000003
21904.320000000003
21904.320000000003
21893.38
21893.38
21904.320000000003
21904.320000000003
21904.320000000003
21904.320000000003
21904.320000000003
21904.320000000003
21904.320000000003
21904.320000000003
21904.320000000003
21904.320000000003
21904.320000000003
21904.320000000003
21904.320000000003
21904.320000000003
21904.320000000003
21904.320000000003
21909.79
21909.79
21904.320000000003
21904.320000000003
21893.38
21893.38
21893.38
21893.38
21893.38
21893.38
21893.38
21893.38
21893.38
21893.38
21893.38
21909.79
21915.260000000002
21915.260000000002
21915.260000000002
21915.260000000002
21920.730000000003
21915.260000000002
