2
3
6
9
12
15
18
20
23
26
28
29
30
31
33
35
36
38
41
43
45
48
51
52
53
55
58
60
63
65
67
69
70
72
75
78
79
82
84
87
90
93
96
98
100
102
105
106
108
110
111
114
117
118
121
123
124
127
129
130
133
135
138
140
143
145
148
150
151
152
155
158
161
162
163
166
169
170
170
172
175
177
178
180
181
184
187
189
192
194
197
199
202
204
205
208
211
212
214
215
217
220
223
223
224
226
227
229
228
230
233
235
236
236
239
242
243
244
246
246
247
248
250
251
252
255
258
259
261
262
264
266
268
270
271
272
273
275
277
278
279
280
283
282
283
284
283
284
286
287
289
291
292
294
296
298
298
301
304
303
305
306
309
312
313
314
316
319
322
323
324
325
324
325
327
327
329
331
330
333
336
337
339
340
341
341
343
346
347
348
347
347
350
352
354
353
355
356
359
362
362
363
364
362
364
365
367
366
368
368
369
370
373
374
377
379
380
381
383
386
389
391
391
393
395
396
399
402
403
405
407
408
409
411
411
414
413
415
417
419
420
423
425
426
428
429
430
432
435
436
438
441
440
442
444
446
448
449
451
452
453
454
456
456
457
458
459
460
462
462
463
465
468
469
471
474
474
475
477
478
481
482
485
487
490
492
493
495
494
496
499
500
503
504
504
505
508
508
508
508
510
513
512
514
517
520
521
522
525
526
529
529
532
535
535
536
537
539
538
539
541
542
542
545
548
550
551
551
554
556
557
555
557
558
561
564
564
564
565
567
568
571
572
571
574
575
578
581
584
584
585
584
583
583
586
586
586
586
589
589
588
591
591
592
593
593
593
596
597
600
601
600
602
601
603
606
608
609
609
611
613
615
617
619
621
623
623
626
626
627
628
631
634
635
635
637
637
640
643
646
649
652
654
655
656
658
659
660
662
662
663
664
665
666
669
671
671
674
676
677
676
679
681
682
683
684
684
687
687
688
691
691
692
694
696
696
695
696
693
694
697
699
700
701
703
704
704
707
708
708
709
710
712
713
715
718
717
719
720
722
723
724
724
727
730
731
730
730
733
736
738
739
740
743
745
745
745
746
747
747
748
747
750
751
753
754
755
757
758
759
762
764
767
768
770
772
774
774
775
777
779
780
781
781
781
783
784
785
785
787
787
788
789
791
794
796
797
798
797
799
802
804
803
806
808
808
809
812
814
815
817
818
819
819
822
825
826
827
828
826
827
827
829
832
834
836
839
839
842
842
844
845
846
848
849
849
849
851
854
857
859
861
859
859
860
860
859
861
861
860
859
861
863
865
866
866
865
868
870
870
870
869
871
871
873
876
875
877
877
879
882
883
883
882
885
885
886
887
888
889
887
890
893
894
895
895
895
896
897
897
900
903
903
904
904
905
905
905
906
907
908
909
911
914
914
915
915
916
919
918
918
920
921
922
922
925
927
929
930
929
930
931
932
933
934
937
940
942
943
945
945
946
949
949
951
951
950
949
951
953
954
954
955
957
960
962
961
964
964
965
966
966
966
966
967
970
970
970
972
975
974
976
976
978
979
981
982
984
984
982
982
983
986
987
986
988
989
990
991
993
995
997
999
999
999
999
1000
1002
1002
1004
1004
1005
1005
1005
1007
1009
1009
1009
1010
1010
1010
1009
1008
1007
1007
1005
1008
1010
1010
1010
1011
1013
1014
1014
1014
1013
1016
1018
1018
1020
1023
1025
1026
1027
1027
1030
1031
1031
1033
1033
1036
1035
1034
1032
1033
1033
1033
1035
1036
1036
1036
1036
1036
1036
1036
1039
1039
1042
1044
1046
1046
1049
1049
1051
1050
1049
1052
1051
1051
1051
1051
1050
1049
1052
1055
1055
1056
1058
1057
1060
1060
1061
1064
1064
1064
1063
1062
1063
1063
1062
1062
1062
1062
1063
1064
1064
1062
1061
1064
1067
1067
1066
1067
1069
1069
1069
1072
1074
1073
1074
1074
1075
1076
1079
1080
1082
1083
1083
1084
1084
1084
1084
1084
1084
1087
1087
1087
1087
1090
1089
1087
1089
1088
1090
1092
1094
1094
1095
1095
1095
1097
1096
1097
1098
1100
1098
1098
1098
1098
1101
1102
1102
1102
1104
1107
1107
1106
1106
1106
1107
1108
1108
1110
1113
1114
1114
1116
1117
1115
1117
1117
1117
1118
1116
1116
1116
1118
1117
1116
1116
1117
1118
1117
1119
1119
1118
1118
1118
1120
1120
1121
1122
1123
1124
1125
1126
1128
1128
1130
1131
1132
1135
1134
1136
1136
1138
1138
1138
1139
1141
1142
1142
1142
1144
1144
1144
1143
1145
1145
1145
1148
1145
1145
1145
1145
1146
1148
1150
1152
1150
1150
1150
1151
1150
1152
1151
1150
1149
1148
1148
1148
1150
1150
1150
1151
1154
1153
1153
1153
1153
1155
1155
1157
1157
1157
1157
1158
1158
1158
1157
1158
1161
1161
1162
1161
1161
1162
1161
1162
1164
1166
1163
1164
1164
1164
1167
1170
1171
1173
1175
1175
1175
1174
1174
1174
1176
1177
1177
1176
1177
1178
1179
1178
1178
1179
1176
1177
1180
1180
1180
1180
1183
1183
1184
1186
1186
1186
1184
1185
1184
1184
1185
1188
1187
1187
1188
1188
1188
1188
1189
1189
1189
1189
1186
1186
1186
1186
1186
1186
1186
1187
1188
1186
1186
1185
1186
1185
1188
1188
1190
1189
1190
1192
1192
1192
1192
1190
1189
1191
1192
1192
1192
1193
1194
1194
1194
1194
1195
1195
1195
1198
1196
1198
1199
1199
1198
1197
1197
1200
1199
1196
1196
1195
1196
1196
1196
1196
1197
1200
1201
1202
1201
1201
1201
1203
1205
1205
1205
1205
1207
1208
1210
1210
1209
1212
1213
1213
1213
1214
1212
1213
1213
1213
1213
1212
1212
1213
1214
1215
1216
1217
1218
1218
1217
1217
1218
1218
1218
1218
1220
1221
1221
1221
1220
1220
1221
1222
1224
1225
1226
1226
1228
1229
1229
1228
1228
1228
1229
1229
1229
1229
1227
1228
1228
1228
1227
1228
1230
1232
1231
1231
1231
1231
1231
1230
1230
1230
1231
1232
1232
1232
1235
1235
1237
1239
1240
1240
1240
1240
1242
1242
1242
1244
1243
1244
1243
1244
1242
1241
1241
1241
1242
1242
1242
1241
1240
1242
1243
1243
1244
1243
1246
1246
1246
1246
1246
1246
1246
1247
1248
1247
1247
1250
1249
1252
1252
1253
1253
1253
1252
1252
1252
1252
1251
1251
1252
1251
1251
1251
1251
1252
1252
1252
1252
1252
1254
1255
1256
1256
1257
1256
1254
1255
1255
1255
1255
1254
1254
1251
1253
1255
1255
1255
1255
1256
1256
1254
1253
1255
1256
1256
1255
1255
1257
1259
1259
1261
1260
1260
1260
1260
1261
1262
1263
1261
1261
1263
1263
1262
1261
1262
1262
1262
1263
1263
1263
1264
1263
1263
1265
1265
1266
1266
1267
1267
1269
1270
1271
1269
1272
1271
1271
1271
1272
1273
1273
1275
1275
1274
1273
1272
1273
1272
1272
1272
1273
1273
1273
1273
1272
1272
1272
1272
1274
1275
1276
1276
1276
1278
1279
1279
1279
1278
1278
1278
1277
1277
1277
1279
1281
1281
1281
1281
1281
1282
1282
1283
1283
1282
1284
1284
1284
1284
1284
1284
1284
1284
1284
1287
1288
1287
1287
1285
1284
1284
1284
1285
1287
1287
1287
1287
1287
1289
1289
1289
1289
1291
1291
1291
1291
1294
1295
1295
1296
1297
1297
1297
1296
1296
1297
1299
1301
1301
1299
1298
1297
1298
1298
1297
1298
1298
1296
1297
1297
1298
1301
1302
1305
1305
1307
1307
1308
1309
1309
1309
1311
1311
1311
1313
1312
1311
1312
1312
1312
1312
1312
1312
1312
1313
1312
1312
1311
1311
1311
1311
1310
1310
1310
1311
1311
1311
1312
1312
1311
1311
1310
1310
1310
1312
1312
1311
1309
1310
1309
1308
1309
1309
1309
1310
1311
1309
1310
1310
1310
1310
1311
1311
1310
1311
1311
1311
1312
1312
1312
1312
1312
1311
1311
1311
1310
1310
1310
1312
1312
1313
1313
1313
1314
1314
1314
1312
1313
1313
1313
1312
1314
1315
1316
1315
1316
1317
1317
1315
1316
1318
1318
1318
1320
1320
1321
1322
1322
1324
1323
1323
1324
1324
1323
1322
1325
1324
1324
1324
1324
1325
1324
1324
1324
1324
1326
1326
1326
1326
1325
1326
1326
1328
1330
1330
1330
1329
1329
1330
1331
1332
1329
1328
1328
1328
1328
1328
1328
1328
1329
1329
1328
1327
1327
1328
1327
1329
1329
1329
1328
1329
1328
1329
1329
1331
1332
1332
1331
1329
1329
1328
1326
1327
1326
1326
1326
1328
1328
1328
1328
1327
1327
1329
1329
1329
1329
1330
1330
1330
1331
1331
1331
1333
1334
1335
1335
1335
1335
1335
1335
1335
1338
1341
1341
1342
1341
1341
1341
1341
1340
1341
1341
1341
1341
1341
1341
1343
1344
1344
1344
1344
1344
1344
1345
1346
1346
1347
1347
1347
1347
1350
1349
1349
1349
1349
1350
1350
1350
1350
1349
1349
1349
1349
1349
1349
1349
1350
1350
1350
1349
1349
1348
1346
1346
1346
1346
1348
1348
1348
1346
1347
1347
1348
1348
1348
1347
1347
1349
1350
1352
1352
1353
1354
1356
1356
1357
1357
1357
1357
1356
1355
1355
1356
1357
1357
