1
3
5
8
10
13
15
17
19
21
22
23
25
27
28
30
31
32
33
36
39
42
45
47
48
50
51
53
55
56
57
58
61
63
65
68
71
72
73
75
77
78
80
81
83
86
89
90
92
94
97
99
102
104
107
110
111
112
115
116
118
121
124
125
126
127
128
130
131
132
134
135
136
139
140
140
140
142
145
148
149
149
151
154
156
158
160
163
164
165
166
169
172
174
177
178
181
183
184
186
189
192
194
196
196
197
200
202
202
203
205
206
207
208
209
210
213
215
216
218
218
219
220
221
222
223
225
226
229
230
231
233
234
235
237
238
240
240
241
243
246
247
249
251
253
256
258
259
261
263
266
269
271
274
276
278
278
277
279
280
282
282
283
284
285
286
287
290
291
292
292
295
298
298
300
301
304
306
307
309
310
312
314
313
316
317
318
320
320
323
325
326
328
329
330
332
333
335
336
338
339
341
343
346
347
349
349
350
352
353
355
356
358
358
361
364
367
368
367
370
371
372
373
374
377
380
381
384
386
389
391
394
395
397
400
400
402
404
406
406
406
409
411
412
413
413
416
417
418
421
422
423
425
425
426
427
425
427
429
432
435
437
437
438
438
441
442
443
446
449
451
452
453
454
454
456
457
459
462
463
464
467
470
469
470
470
473
475
477
480
482
483
483
483
485
487
488
488
490
493
494
496
499
501
503
505
508
509
512
515
517
518
519
521
523
524
527
530
532
532
534
535
538
539
538
538
539
540
543
544
542
544
546
547
550
552
554
557
559
558
558
559
562
565
568
569
571
572
572
574
575
576
579
582
583
585
586
586
588
591
593
595
598
597
599
600
602
602
603
602
603
603
605
606
609
610
611
611
614
615
618
619
621
624
626
625
626
627
628
630
632
635
636
638
639
640
643
646
647
650
651
652
653
655
657
659
661
664
664
664
665
666
666
667
670
671
670
671
671
672
675
676
679
680
682
682
682
684
687
690
692
694
694
693
693
693
695
696
698
699
700
702
704
704
705
705
706
707
710
711
714
716
718
719
720
721
722
721
721
723
723
725
727
727
729
731
731
733
734
736
736
738
737
737
738
740
743
743
744
745
747
749
750
751
751
752
753
753
753
753
753
756
759
762
764
766
767
767
766
766
767
769
769
768
769
771
772
772
774
776
779
781
783
782
783
784
785
785
786
786
788
790
790
792
791
792
793
795
795
798
800
800
801
801
802
805
806
805
806
807
810
813
814
813
812
813
816
817
820
820
822
823
823
824
827
826
828
828
830
831
833
833
834
834
834
835
838
839
842
841
844
844
846
845
848
849
849
849
849
851
853
854
853
852
852
853
853
855
855
857
860
858
858
859
857
858
859
859
861
864
864
865
867
867
867
868
868
868
869
869
869
869
872
875
875
875
878
879
882
882
882
884
886
886
887
889
889
888
890
891
891
892
894
894
893
894
897
897
897
898
899
900
903
904
905
906
907
908
910
911
911
914
914
917
917
918
919
920
921
921
922
925
925
927
928
929
929
931
931
933
933
934
937
935
936
938
940
941
940
942
944
946
947
948
948
950
950
948
949
950
952
954
955
955
953
954
957
957
958
958
959
959
961
962
963
963
965
964
965
968
970
971
972
974
975
975
977
979
978
978
980
981
982
983
983
985
983
985
987
988
987
987
985
985
988
990
990
991
991
992
992
994
997
998
1001
1002
1002
1002
1001
1003
1005
1005
1004
1004
1003
1003
1004
1004
1005
1008
1010
1010
1010
1012
1015
1017
1017
1020
1023
1023
1021
1021
1023
1024
1024
1024
1024
1024
1026
1026
1029
1031
1032
1031
1030
1030
1030
1030
1031
1030
1031
1034
1033
1032
1035
1034
1036
1036
1039
1041
1041
1041
1043
1044
1047
1047
1046
1047
1047
1048
1049
1049
1049
1049
1051
1054
1054
1054
1056
1057
1057
1057
1056
1058
1058
1057
1058
1059
1059
1059
1060
1061
1062
1065
1065
1066
1066
1066
1066
1067
1066
1066
1068
1068
1068
1071
1070
1070
1071
1072
1072
1072
1074
1077
1077
1077
1080
1081
1083
1082
1083
1084
1085
1086
1089
1089
1089
1088
1089
1090
1091
1091
1091
1091
1093
1095
1093
1093
1093
1094
1096
1096
1096
1095
1098
1100
1099
1100
1100
1102
1103
1104
1104
1104
1106
1108
1108
1108
1110
1110
1111
1110
1110
1110
1110
1111
1113
1116
1115
1115
1117
1119
1118
1120
1120
1121
1121
1121
1121
1121
1124
1125
1126
1126
1126
1129
1129
1130
1129
1132
1134
1134
1133
1134
1133
1133
1133
1135
1137
1138
1137
1137
1137
1140
1140
1140
1140
1143
1143
1143
1143
1143
1142
1141
1141
1140
1140
1143
1145
1145
1145
1145
1145
1146
1146
1146
1149
1150
1152
1153
1153
1155
1154
1154
1155
1155
1158
1160
1158
1161
1160
1162
1163
1164
1166
1166
1167
1168
1168
1168
1166
1166
1166
1166
1166
1166
1168
1170
1169
1170
1170
1170
1172
1172
1171
1171
1171
1172
1172
1173
1172
1174
1174
1175
1175
1174
1174
1175
1175
1174
1177
1178
1178
1178
1179
1178
1178
1180
1180
1183
1184
1186
1186
1186
1186
1186
1186
1185
1185
1187
1189
1189
1190
1190
1190
1190
1190
1191
1192
1191
1191
1192
1192
1192
1192
1193
1194
1193
1193
1193
1192
1192
1192
1192
1192
1192
1194
1195
1197
1197
1196
1197
1199
1199
1200
1200
1199
1201
1202
1203
1203
1203
1203
1202
1201
1201
1201
1201
1201
1201
1201
1201
1200
1200
1200
1198
1197
1200
1200
1201
1201
1201
1203
1204
1205
1205
1205
1206
1206
1205
1206
1206
1206
1206
1206
1207
1209
1207
1208
1208
1208
1205
1206
1206
1204
1206
1205
1205
1206
1206
1205
1204
1206
1206
1208
1208
1208
1209
1211
1210
1210
1210
1212
1214
1214
1214
1214
1216
1216
1218
1218
1219
1219
1221
1220
1220
1222
1223
1224
1222
1222
1225
1227
1227
1230
1231
1231
1234
1235
1235
1235
1235
1235
1235
1237
1237
1237
1238
1236
1233
1236
1235
1235
1235
1233
1234
1234
1234
1234
1234
1234
1234
1234
1234
1234
1234
1237
1237
1239
1238
1237
1239
1240
1240
1240
1240
1240
1238
1238
1237
1240
1240
1240
1240
1238
1238
1237
1237
1236
1235
1237
1238
1238
1237
1237
1238
1238
1239
1239
1240
1240
1243
1242
1242
1242
1242
1242
1242
1242
1242
1241
1240
1240
1240
1241
1241
1241
1242
1243
1242
1241
1244
1245
1245
1245
1245
1244
1247
1248
1248
1248
1248
1248
1249
1248
1248
1250
1250
1250
1251
1249
1252
1251
1251
1252
1252
1252
1252
1251
1252
1251
1251
1254
1255
1257
1255
1257
1256
1256
1256
1256
1256
1254
1254
1256
1255
1255
1255
1254
1254
1253
1255
1258
1258
1260
1261
1261
1261
1261
1261
1262
1262
1264
1264
1266
1268
1267
1269
1269
1269
1269
1272
1273
1276
1278
1278
1281
1281
1281
1282
1283
1285
1288
1288
1288
1289
1289
1289
1287
1290
1291
1291
1292
1292
1292
1292
1292
1291
1291
1293
1293
1293
1296
1297
1297
1299
1301
1299
1297
1297
1297
1299
1299
1300
1300
1301
1301
1301
1304
1305
1307
1307
1307
1307
1307
1307
1307
1308
1307
1310
1312
1312
1312
1314
1315
1315
1318
1318
1318
1318
1317
1317
1317
1317
1318
1318
1319
1320
1320
1320
1320
1322
1322
1322
1321
1320
1321
1321
1321
1321
1322
1322
1322
1323
1323
1323
1322
1324
1326
1325
1325
1326
1326
1326
1326
1326
1327
1327
1327
1329
1328
1328
1327
1329
1331
1331
1332
1332
1332
1331
1334
1334
1335
1333
1333
1333
1333
1333
1331
1332
1331
1331
1332
1333
1333
1333
1333
1333
1333
1333
1333
1333
1334
1333
1333
1334
1334
1335
1338
1338
1338
1338
1337
1340
1340
1340
1339
1340
1340
1340
1339
1338
1338
1337
1337
1337
1337
1337
1337
1337
1337
1337
1337
1338
1338
1338
1337
1337
1338
1338
1338
1337
1337
1336
1335
1334
1334
1334
1337
1337
1337
1338
1339
1339
1339
1339
1339
1339
1342
1342
1341
1343
1343
1341
1341
1340
1342
1344
1342
1342
1345
1345
1347
1349
1348
1350
1350
1353
1353
1353
1352
1355
1355
1358
1358
1361
1361
1362
1363
1361
1361
1361
1360
1360
1362
1363
1363
1363
1363
1363
1362
1365
1364
1362
1361
1361
1364
1364
1363
1363
1363
1363
1363
1363
1363
1362
1362
1362
1365
1367
1367
1367
1367
1367
1367
1367
1366
1366
1366
1367
1367
1368
1368
1368
1370
1370
1371
1371
1371
1371
1371
1374
1374
1374
1373
1375
1375
1375
1375
1374
1374
1373
1372
1372
1372
1372
1372
1371
1371
1371
1374
1375
1378
1378
1378
1378
1379
1377
1377
1376
1378
1378
1378
1379
1379
1378
1380
1380
1380
1379
1379
1379
1379
1379
1379
1379
1379
1379
1380
1381
1382
1382
1383
1383
1382
1382
1383
1383
1383
1383
1383
1383
1383
1383
1383
1383
1383
1383
1384
1384
1384
1383
1383
1385
1385
1386
1387
1387
1387
1386
1386
1386
1386
1386
1386
1387
1387
1387
1387
1389
1390
1390
1390
1390
1390
1393
1392
1392
1392
1392
1392
1393
1392
1392
1392
