2994.9399999999973
3000.4099999999976
3016.8199999999974
3033.2299999999973
3049.639999999997
3066.0499999999975
3082.4599999999973
3093.3999999999974
3330.809999999997
3347.219999999997
3358.159999999997
3363.6299999999974
3369.099999999997
3374.5699999999974
3385.509999999997
3396.449999999997
3401.9199999999973
3412.8599999999974
3650.2699999999973
3661.2099999999973
3672.1499999999974
3688.559999999997
3704.969999999997
3710.4399999999973
3715.909999999997
3726.849999999997
3743.259999999997
3754.199999999997
3991.609999999997
4014.639999999997
4025.579999999997
4036.5199999999973
4041.989999999997
4052.929999999997
4069.3399999999974
4306.749999999997
4312.2199999999975
4328.629999999997
4339.569999999997
4355.979999999997
4372.389999999998
4388.799999999997
4405.209999999997
4637.149999999998
4648.089999999997
4659.029999999998
4675.439999999998
4680.909999999998
4691.849999999998
4702.789999999997
4708.2599999999975
4724.669999999997
4981.539999999996
4987.009999999997
5003.419999999996
5014.359999999997
5019.829999999996
5036.239999999996
5047.179999999997
5052.649999999997
5290.059999999997
5300.999999999996
5317.409999999996
5328.349999999997
5344.759999999997
5355.699999999997
5372.109999999997
5383.0499999999965
5388.519999999997
5393.989999999997
5631.399999999997
5647.809999999997
5664.219999999997
5669.689999999997
5675.159999999997
5691.569999999997
5707.979999999997
5713.449999999997
5713.449999999997
5724.389999999997
5961.7999999999965
5972.739999999997
5978.209999999997
5989.149999999997
5994.619999999997
6011.029999999997
6027.439999999997
6038.379999999997
6054.789999999997
6286.729999999997
6303.139999999997
6314.079999999997
6330.489999999997
6341.429999999997
6346.899999999997
6363.309999999997
6620.179999999998
6625.649999999998
6636.589999999997
6642.059999999998
6652.999999999998
6669.409999999998
6697.909999999997
6697.909999999997
6703.379999999997
6935.319999999997
6940.789999999997
6951.729999999997
6946.2599999999975
6957.199999999997
6973.609999999997
6984.549999999997
6990.019999999997
6990.019999999997
7006.429999999998
7263.299999999997
7268.769999999997
7274.959999999997
7285.899999999997
7285.899999999997
7291.369999999997
7296.839999999997
7307.779999999997
7313.249999999997
7318.7199999999975
7354.589999999997
7591.999999999997
7597.4699999999975
7608.409999999997
7613.879999999997
7624.819999999997
7635.7599999999975
7646.699999999997
7657.639999999998
7663.109999999997
7668.579999999997
7674.049999999997
7684.989999999997
7916.929999999998
7922.399999999997
7928.589999999997
7934.059999999998
7950.4699999999975
7947.159999999998
7952.629999999997
7958.099999999997
7952.629999999998
7958.099999999997
7969.039999999997
7974.5099999999975
7985.449999999997
7996.389999999998
8001.859999999997
8012.799999999997
8244.739999999998
8255.679999999997
8257.119999999997
8273.529999999997
8309.399999999998
8305.599999999999
8316.539999999997
8322.009999999997
8338.419999999996
8575.829999999998
8581.299999999997
8586.769999999997
8598.429999999997
8614.839999999997
8631.249999999996
8636.719999999998
8642.189999999997
8647.659999999998
8642.189999999999
8647.659999999998
8658.599999999997
8658.599999999997
8669.539999999997
8913.569999999998
8896.009999999998
8912.42
8928.83
8934.3
8957.329999999998
8962.799999999997
8968.269999999999
8968.269999999999
8979.929999999998
9229.429999999998
9234.899999999998
9240.369999999999
9235.619999999999
9234.899999999998
9251.309999999998
9262.249999999998
9273.189999999999
9267.72
9278.659999999998
9284.13
9300.539999999999
9316.949999999999
9316.949999999999
9322.419999999998
9327.89
9317.669999999998
9569.069999999998
9574.539999999997
9604.939999999999
9592.1
9603.039999999999
9603.039999999999
9608.51
9613.98
9630.39
9635.86
9652.27
9884.21
9889.68
9895.15
9906.09
9922.5
9938.91
9949.85
9949.85
9960.79
9971.73
9977.2
10214.61
10231.02
10236.49
10247.43
10258.37
10263.84
10269.31
10280.25
10281.69
10310.189999999999
10303.279999999999
10535.22
10546.159999999998
10557.099999999999
10562.569999999998
10578.98
10589.919999999998
10595.39
10606.329999999998
10611.8
10617.269999999999
10634.125
10871.535
10877.005
10887.945
10904.355
10891.515
10902.455
10913.395
10924.335
10935.275
10940.744999999999
10951.685
10957.155
10962.625
11189.095
11212.125000000002
11212.125000000002
11217.595000000001
11223.065000000002
11228.535000000002
11234.005000000001
11244.945000000002
11244.945000000002
11250.415000000003
11261.355000000001
11277.765000000001
11283.235000000002
11515.175000000003
11543.675000000001
11543.675000000001
11549.145
11560.085000000001
11565.555
11601.425000000001
11606.895
11844.305000000002
11855.245
11871.655
11882.595000000001
11888.065
11899.725000000002
11882.165
11893.105000000001
11909.515000000001
11914.985
11931.395
11936.865000000002
11936.865000000002
11942.335000000001
12179.745
12179.745
12179.745
12179.745
12196.6
12225.1
12219.86
12230.54
12246.95
12490.275000000001
12507.835000000001
12513.305
12529.715
12535.185
12551.595
12551.595
12580.095000000001
12817.505000000001
12817.505000000001
12822.975
12828.445
12840.105
12822.545
12828.015
12838.955
12844.425
12844.425
12860.835000000001
12877.245
12888.185
12893.655
12893.655
13150.525
13161.465
13166.935
13156.715
13167.654999999999
13173.125
13208.995
13237.495
13237.495
13237.495
13242.965
13474.905
13480.375
13516.245
13521.715
13516.245
13532.655
13538.125000000002
13554.535000000002
13570.945000000002
13808.355000000001
13808.355000000001
13813.825
13809.075
13791.515000000003
13791.515000000003
13807.925000000003
13807.925000000003
13807.925000000003
13807.925000000003
13843.795000000004
13843.795000000004
13838.325000000003
13854.735000000004
13854.735000000004
13860.205000000004
13865.675000000003
13865.675000000003
13866.395000000004
13894.895000000002
14128.735000000002
14145.145000000002
14150.615000000002
14133.055000000002
14143.995000000003
14138.525000000001
14149.465000000002
14165.875000000002
14176.815000000002
14182.285000000002
14182.285000000002
14193.225000000002
14204.165000000003
14215.105000000001
14226.045000000002
14463.900000000001
14474.840000000002
14485.78
14485.78
14502.190000000002
14502.190000000002
14507.660000000002
14525.220000000001
14547.545000000002
14784.955000000004
14797.060000000001
14797.060000000001
14808.000000000002
14809.440000000002
14825.850000000002
14854.350000000002
14870.760000000002
15108.170000000002
15144.040000000003
15154.980000000003
15160.450000000003
15165.920000000004
15176.860000000002
15189.700000000003
15195.170000000002
15427.110000000002
15427.110000000002
15434.020000000002
15439.490000000002
15444.960000000003
15490.150000000001
15506.560000000001
15517.500000000002
15518.940000000002
15535.350000000002
15552.205000000002
15790.765000000001
15777.925000000003
15812.370000000003
15823.310000000003
15828.780000000002
15841.620000000003
15847.090000000004
15847.090000000004
15863.500000000004
15863.500000000004
15868.970000000003
16118.470000000003
16118.470000000003
16129.395000000002
16140.335000000003
16151.275000000003
16152.715000000002
16147.245000000003
16152.715000000002
16118.025000000003
16123.495000000004
16139.905000000004
16150.845000000005
16156.315000000004
16161.785000000003
16172.725000000004
16178.195000000003
16178.195000000003
16194.605000000003
16212.165000000005
16212.165000000005
16217.635000000004
16223.105000000005
16455.045000000006
16461.955000000005
16484.985000000004
16501.395000000004
16495.205000000005
16518.235000000004
16525.605000000003
16537.985000000004
16543.455
16548.925000000003
16548.925000000003
16805.795000000006
16822.205000000005
16827.675000000003
16810.115000000005
16812.995000000003
16829.405000000002
16845.815000000002
16868.845
16874.315000000002
16879.785000000003
17117.195000000003
17128.135000000002
17128.135000000002
17128.135000000002
17133.605000000003
17139.075
17139.075
17144.545000000002
17126.985
17143.395
17148.865
17159.805000000004
17165.275
17170.745000000003
17193.775
17206.615
17440.455
17476.325000000004
17499.355000000003
17756.225
17761.695
17772.635
17783.575
17794.515
17794.515
17799.985
17810.925
17821.865
17845.63
17851.100000000002
17851.100000000002
17851.100000000002
18083.04
18088.510000000002
18093.980000000003
18093.980000000003
18124.38
18124.38
18129.850000000002
18135.320000000003
18158.350000000002
18401.675
18412.615
18418.085
18435.645
18430.175000000003
18441.835000000003
18516.705
18768.105
18764.305
18780.715
18791.655
18791.655
18797.125
18832.995
18843.935
18849.405
18860.345
19086.815000000002
19092.285
19093.005
19109.415
19125.825
19131.295000000002
19143.4
19148.87
19136.764999999996
19142.954999999998
19142.954999999998
19153.894999999997
19170.304999999997
19183.405
19194.344999999998
19431.754999999997
19431.754999999997
19467.625
19466.185
19477.125
19482.595
19488.065000000002
19499.005
19511.109999999997
19511.109999999997
19510.389999999996
19743.049999999996
19771.55
19807.42
19830.449999999997
20062.129999999997
20031.73
20025.554999999997
20031.515
20031.515
20013.954999999998
20024.895
20024.895
20005.879999999997
19980.690000000002
19991.63
20002.57
20013.510000000002
20018.98
20018.98
20001.42
20017.829999999998
20028.77
20030.21
20030.21
20023.575
20034.515
20034.515
20045.454999999998
20061.864999999998
20036.674999999996
20059.704999999998
20059.704999999998
20070.644999999997
20087.054999999997
20099.894999999997
20099.894999999997
20093.259999999995
20109.67
20109.67
20115.139999999996
20120.609999999997
20126.079999999998
20130.829999999998
20100.429999999997
20136.299999999996
20393.169999999995
20398.639999999992
20404.829999999994
20404.829999999994
20404.829999999994
20410.299999999992
20415.769999999993
20415.769999999993
20432.179999999993
20448.589999999993
20448.589999999993
20454.059999999994
20454.059999999994
20459.52999999999
20459.52999999999
20459.52999999999
20477.089999999997
20482.559999999994
20488.029999999995
20493.499999999996
20737.529999999995
20766.029999999995
20766.029999999995
20771.499999999996
20771.499999999996
20776.969999999998
20812.839999999993
20795.279999999995
20795.279999999995
20806.219999999994
20811.689999999995
20817.159999999996
20817.159999999996
21066.659999999996
21089.69
21100.629999999997
21106.1
21100.629999999997
21106.82
21112.29
21117.76
21123.23
21128.7
21385.569999999996
21401.979999999996
21425.01
21430.48
21441.42
21441.42
21446.89
21703.759999999995
21703.759999999995
21734.159999999996
21734.159999999996
21730.129999999997
21724.659999999996
21742.234999999997
21765.264999999996
21770.734999999997
21770.734999999997
21776.204999999998
22027.604999999996
22063.474999999995
22074.414999999994
22056.854999999992
22073.264999999992
22073.264999999992
22090.824999999993
22096.035
22089.86
22090.35
22091.79
22097.26
22113.67
22113.67
22112.95
22356.98
22373.39
22354.389999999996
22377.42
22377.42
22388.359999999997
22393.829999999998
22404.769999999997
22410.239999999998
22421.18
22421.18
22390.780000000002
22390.780000000002
22396.25
22432.12
22437.59
22432.12
22676.149999999998
22681.619999999995
22687.089999999997
22693.28
22704.219999999998
22721.075
22751.475
22983.414999999997
22983.414999999997
22983.414999999997
22983.414999999997
22988.885
23001.984999999997
23001.984999999997
23012.924999999996
23012.924999999996
23018.394999999997
23018.394999999997
23018.394999999997
23041.424999999996
23071.824999999997
23071.824999999997
23071.824999999997
23077.295
23077.295
23071.119999999995
23053.559999999998
23048.09
23030.53
23030.53
23000.13
23016.54
23027.48
23027.48
23027.48
23045.039999999997
23055.98
23061.449999999997
23061.449999999997
23061.449999999997
23055.98
23312.849999999995
23323.789999999997
23323.789999999997
23334.499999999996
23362.999999999996
23375.839999999997
23393.4
23397.43
23397.43
23646.93
23652.399999999998
23652.399999999998
23664.059999999998
23664.059999999998
23680.469999999998
23662.909999999996
23645.349999999995
23614.949999999993
23627.789999999997
23634.424999999996
23634.424999999996
23645.364999999994
23658.204999999994
23658.204999999994
23658.204999999994
23658.694999999992
23658.694999999992
23658.694999999992
23658.694999999992
23675.104999999992
23677.264999999992
23713.134999999995
23724.074999999993
23740.929999999993
23740.929999999993
23978.339999999993
23978.339999999993
24008.739999999994
24003.269999999993
23996.634999999995
24013.044999999995
24007.574999999993
24007.574999999993
24007.574999999993
24007.574999999993
23994.734999999997
23981.894999999993
24010.394999999993
24026.804999999993
24025.364999999994
24036.289999999994
24060.054999999993
24054.584999999992
24311.454999999994
24311.454999999994
24324.29499999999
24340.704999999994
24340.704999999994
24340.704999999994
24323.14499999999
24305.58499999999
24311.05499999999
24311.05499999999
24293.49499999999
24293.49499999999
24292.77499999999
24292.77499999999
24304.87999999999
24310.34999999999
24310.34999999999
24279.94999999999
24273.759999999987
24309.62999999999
24345.49999999999
24345.49999999999
24340.029999999995
24345.49999999999
24356.43999999999
24356.43999999999
24356.43999999999
24613.309999999987
24624.249999999985
24604.529999999988
24621.36999999999
24621.36999999999
24638.209999999992
24643.679999999993
24660.089999999993
24665.559999999994
24676.499999999993
24681.969999999994
24681.969999999994
24687.43999999999
24687.43999999999
24687.43999999999
24687.43999999999
24687.43999999999
24687.43999999999
24936.93999999999
24936.93999999999
24936.93999999999
24936.93999999999
24972.80999999999
24959.969999999994
24929.569999999992
24959.249999999993
24941.68999999999
24964.719999999994
24987.749999999993
24998.68999999999
24998.68999999999
25003.89999999999
25003.89999999999
25003.89999999999
25014.839999999993
24996.55999999999
25002.02999999999
25235.869999999988
25246.80999999999
25216.409999999993
25216.409999999993
25216.409999999993
25216.409999999993
25232.819999999992
25238.28999999999
25238.28999999999
25238.28999999999
25268.68999999999
25284.839999999993
25284.839999999993
25271.99999999999
25271.99999999999
25271.99999999999
25277.46999999999
25295.029999999988
25295.029999999988
25325.42999999999
25582.29999999999
25587.76999999999
25587.76999999999
25610.79999999999
25628.35999999999
25597.959999999992
25628.35999999999
25628.35999999999
25627.639999999992
25866.19999999999
25844.34999999999
25844.34999999999
25844.34999999999
25867.37999999999
25871.66999999999
25852.65499999999
25852.65499999999
25858.124999999993
25863.59499999999
25844.57999999999
25861.434999999994
25861.434999999994
25843.874999999993
25843.874999999993
25843.874999999993
25854.814999999995
25854.814999999995
25872.374999999993
25877.844999999994
25883.054999999993
25888.524999999994
25893.99499999999
25911.554999999993
25934.584999999992
25934.584999999992
25945.524999999994
25950.99499999999
25968.554999999997
26225.424999999996
26219.954999999994
26230.894999999997
26228.994999999995
26239.674999999996
26239.674999999996
26239.674999999996
26245.144999999997
26268.174999999996
26273.384999999995
26273.384999999995
26273.384999999995
26284.324999999993
26284.324999999993
26284.324999999993
26266.764999999992
26283.619999999995
26283.619999999995
26283.619999999995
26540.489999999994
26505.799999999996
26505.799999999996
26505.799999999996
26505.799999999996
26511.989999999994
26528.844999999994
26539.784999999993
26562.814999999995
26532.415
26532.415
26532.415
26537.885
26525.045000000002
26548.075
26530.514999999996
26512.954999999994
26495.394999999997
26492.804999999997
26492.804999999997
26492.804999999997
26515.834999999995
26515.834999999995
26515.834999999995
26522.744999999995
26558.614999999998
26540.565000000002
26540.565000000002
26540.565000000002
26540.565000000002
26570.965
26570.965
26593.995
26593.995
26594.454999999998
26594.454999999998
26612.015000000003
26612.015000000003
26612.015000000003
26594.454999999998
26599.925
26616.335
26616.335
26621.805
26613.73
26613.73
26619.2
26612.565000000002
26618.035
26628.715
26639.395
26604.705
26612.075
26612.075
26612.075
26628.485
26644.895
26878.735
26940.765
26971.165
26971.165
26970.445
26951.43
26951.43
26951.43
26981.829999999998
27220.389999999996
27220.389999999996
27216.099999999995
27221.569999999996
27227.759999999995
27233.229999999996
27237.519999999997
27237.519999999997
27242.989999999998
27205.68
27211.149999999998
27247.019999999997
27244.859999999997
27244.859999999997
27244.859999999997
27267.184999999998
27267.184999999998
27284.745
27315.144999999997
27315.144999999997
27315.144999999997
27284.745000000003
27297.585
27280.025
27280.025
27297.585000000003
27319.910000000003
27314.440000000002
27314.440000000002
27319.910000000003
27319.910000000003
27319.910000000003
27319.910000000003
27558.47
27558.47
27558.47
27558.47
27523.780000000006
27523.780000000006
27523.780000000006
27523.780000000006
27522.600000000006
27522.600000000006
27522.600000000006
27535.440000000002
27539.960000000003
27509.300000000003
27509.300000000003
27491.740000000005
27509.300000000003
27491.74
27508.15
27508.15
27531.180000000004
27520.25500000001
27525.725000000006
27554.700000000004
27554.700000000004
27554.700000000004
27554.700000000004
27524.300000000007
27517.665000000008
27528.605000000007
27546.165000000008
27546.165000000008
27546.165000000008
27551.635000000006
27557.105000000007
27555.665000000008
27555.665000000008
27555.665000000008
27561.135000000006
27561.135000000006
27561.135000000006
27589.63500000001
27559.69500000001
27570.635000000013
27576.10500000001
27576.10500000001
27558.54500000001
27553.075000000008
27553.075000000008
27569.485000000008
27551.92500000001
27516.05500000001
27516.05500000001
27511.30500000001
27523.41000000001
27525.31000000001
27525.31000000001
27525.31000000001
27530.78000000001
27553.10500000001
27565.945000000007
27583.505000000005
27565.945000000003
27565.945000000003
27565.945000000003
27596.345000000005
27619.375000000004
27619.375000000004
27619.375000000004
27619.375000000004
27630.315000000002
27647.875000000004
27891.905000000002
27891.905000000002
27885.270000000004
27921.140000000007
27933.245000000003
27933.245000000003
27933.245000000003
27950.805000000008
27928.95500000001
27941.795000000006
27941.795000000006
27941.795000000006
27941.795000000006
27924.235000000008
27924.235000000008
27941.795000000006
27947.265000000007
27952.735000000008
28191.295000000006
28204.13500000001
28209.605000000007
28209.605000000007
28204.13500000001
28204.13500000001
28221.695000000007
28221.695000000007
28221.695000000007
28221.695000000007
28232.375000000007
28245.215000000004
28245.215000000004
28245.215000000004
28227.655000000002
28227.655000000002
28240.495000000003
28246.455000000005
28257.395000000004
28262.865000000005
28268.335000000006
28268.335000000006
28291.365000000005
28295.395000000008
28294.675000000007
28283.750000000004
28283.750000000004
28283.750000000004
28289.220000000005
28289.220000000005
28289.220000000005
28289.220000000005
28258.820000000003
28271.66
28271.66
28271.660000000003
28275.950000000004
28281.420000000006
28525.450000000004
28555.850000000006
28538.290000000005
28538.290000000005
28538.290000000005
28532.115000000005
28532.115000000005
28519.030000000006
28519.030000000006
28519.030000000006
28524.500000000007
28529.97000000001
28529.97000000001
28529.97000000001
28546.38000000001
28546.38000000001
28575.355000000007
28598.385000000006
28611.225000000006
28611.225000000006
28611.225000000006
28611.225000000006
28621.905000000006
28621.905000000006
28621.905000000006
28873.305000000008
28855.745000000003
28868.585000000006
28861.950000000008
28867.420000000006
28844.39000000001
28838.92000000001
28838.92000000001
28832.74500000001
28838.21500000001
28838.21500000001
28836.30000000001
28817.285000000007
28804.445000000007
28834.84500000001
28841.985000000008
28843.425000000007
28848.895000000008
28843.425000000007
28859.575000000008
28859.575000000008
28859.575000000008
28859.575000000008
28859.575000000008
28859.575000000008
28859.575000000008
28865.045000000006
28870.515000000007
28852.955000000005
28852.955000000005
28869.365000000005
28878.375000000004
28894.785000000003
28894.785000000003
28900.255000000005
28900.255000000005
28900.255000000005
28875.065000000006
28875.065000000006
28875.065000000006
28875.065000000006
28857.50500000001
28857.50500000001
28870.34500000001
28852.78500000001
28852.78500000001
28852.78500000001
28852.78500000001
28865.625000000007
28865.625000000007
28865.625000000007
28865.625000000007
28865.625000000007
28888.655000000006
28901.495000000006
28906.965000000004
28906.965000000004
28912.435000000005
28894.875000000007
28864.475
28869.945
28869.945
28869.945
28869.945
28852.384999999995
28852.384999999995
28817.694999999996
28840.724999999995
28851.664999999994
28851.664999999994
28851.664999999994
28851.664999999994
28857.134999999995
28857.134999999995
28847.634999999995
28842.164999999994
28852.124999999993
28869.684999999998
28869.684999999998
28852.124999999996
28852.124999999996
28875.154999999995
28905.554999999997
28905.554999999997
29149.584999999995
29141.234999999993
29141.234999999993
29141.234999999993
29141.234999999993
29158.795
29164.264999999996
29177.105
29146.704999999998
29146.704999999998
29169.734999999997
29169.734999999997
29163.1
29156.464999999997
29174.024999999998
29174.024999999998
29174.024999999998
29179.234999999997
29179.234999999997
29179.234999999997
29196.795
29171.114999999998
29171.114999999998
29182.055
29182.055
29187.524999999998
29187.524999999998
29200.364999999998
29200.364999999998
29229.34
29242.179999999997
29247.389999999996
29216.99
29473.859999999997
29468.389999999996
29468.389999999996
29468.389999999996
29485.949999999997
29498.789999999997
29498.789999999997
29529.19
29516.84
29491.65
29474.089999999997
29456.529999999995
29474.089999999997
29468.62
29468.62
29468.62
29474.089999999997
29474.089999999997
29474.089999999997
29474.089999999997
29456.53
29456.53
29456.53
29456.53
29485.504999999997
29490.975
29496.184999999998
29496.184999999998
29496.184999999998
29519.215000000004
29524.685
29524.685
29524.685
29507.125
29507.125
29507.125
29504.535
29504.535
29504.535
29534.935
29786.335
29786.335
29786.335
29786.335
29786.335
29784.91
29784.91
29790.379999999997
29790.379999999997
29777.539999999997
29788.479999999996
29788.479999999996
29788.479999999996
29800.829999999998
29800.829999999998
29800.829999999998
29800.829999999998
29800.829999999998
29800.829999999998
29836.7
29842.17
29823.889999999992
29823.889999999992
29804.414999999997
29797.78
29797.78
29797.78
29803.249999999996
29825.59
29825.59
29825.59
29825.59
29825.59
29855.99
29855.99
29855.99
29849.815
29859.315
29855.975
29855.975
29855.975
30112.844999999998
30118.315
30118.315
30123.784999999996
30141.344999999998
30141.344999999998
30141.344999999998
30122.329999999994
30122.329999999994
30127.799999999996
30158.199999999997
30402.229999999992
30402.229999999992
30371.829999999998
30354.269999999993
30336.709999999992
30357.594999999994
30357.594999999994
30338.57999999999
30351.41999999999
30351.41999999999
30350.23999999999
30355.709999999992
30355.709999999992
30361.17999999999
30377.58999999999
30382.799999999992
30418.66999999999
30418.66999999999
30449.069999999992
30449.069999999992
30461.909999999996
30467.379999999994
30467.379999999994
30467.379999999994
30490.409999999993
30490.409999999993
30490.409999999993
30501.089999999993
30483.52999999999
30487.819999999992
30493.28999999999
30493.28999999999
30493.28999999999
30493.28999999999
30493.28999999999
30493.28999999999
30493.28999999999
30498.75999999999
30493.28999999999
30493.28999999999
30486.624999999993
30486.624999999993
30486.624999999993
30486.624999999993
30490.91499999999
30490.91499999999
30490.91499999999
30496.38499999999
30496.38499999999
30496.38499999999
30734.94499999999
30734.94499999999
30717.38499999999
30717.38499999999
30692.194999999992
30692.194999999992
30692.194999999992
30722.594999999987
30722.594999999987
30709.75499999999
30679.354999999985
30692.19499999999
30679.35499999998
30672.719999999983
30677.929999999982
30677.929999999982
30677.929999999982
30689.31499999998
30694.78499999998
30693.60499999998
30706.444999999985
30706.444999999985
30706.444999999985
30706.444999999985
30724.00499999999
30724.00499999999
30717.36999999999
30722.83999999999
30722.83999999999
30722.83999999999
30735.67999999999
30735.67999999999
30735.67999999999
30735.67999999999
30735.67999999999
30730.20999999999
30730.20999999999
30730.20999999999
30712.649999999987
30712.649999999987
30712.649999999987
30735.67999999999
30735.67999999999
30748.51999999999
30748.51999999999
30748.51999999999
30753.98999999999
30753.98999999999
30753.98999999999
30734.514999999992
30739.984999999993
30739.984999999993
30739.984999999993
30722.424999999992
30739.279999999995
30744.749999999993
30757.589999999993
30740.029999999995
30745.499999999993
30750.969999999994
30750.969999999994
30720.569999999992
30738.12999999999
30768.52999999999
30768.52999999999
30790.37999999999
31041.77999999999
31041.77999999999
31054.619999999995
31060.089999999993
31060.089999999993
31083.11999999999
31077.649999999994
31077.649999999994
31095.209999999992
31095.209999999992
31077.649999999987
31052.45999999999
31088.329999999987
31068.85499999999
31068.85499999999
31068.85499999999
31068.85499999999
31086.414999999994
31080.944999999992
31080.944999999992
31080.944999999992
31080.944999999992
31331.624999999993
31331.624999999993
31330.904999999995
31330.904999999995
31313.344999999994
31326.184999999994
31326.184999999994
31356.584999999995
31386.984999999993
31386.984999999993
31386.984999999993
31369.424999999996
31369.424999999996
31382.264999999996
31395.104999999996
31404.114999999998
31368.24499999999
31349.229999999992
31349.229999999992
31349.229999999992
31349.229999999992
31349.229999999992
31349.229999999992
31349.229999999992
31372.994999999995
31372.504999999997
31347.314999999995
31340.679999999997
31340.679999999997
31353.519999999997
31340.679999999997
31351.619999999995
31351.619999999995
31351.619999999995
31334.059999999998
31345.444999999996
31327.885
31345.444999999996
31345.444999999996
31375.844999999998
31388.684999999998
31388.684999999998
31392.974999999995
31362.575
31362.575
31350.47
31320.07
31325.54
31306.065
31306.065
31306.065
31316.284999999996
31316.284999999996
31316.284999999996
31316.284999999996
31289.194999999996
31289.194999999996
31319.594999999998
31319.594999999998
31319.594999999998
31319.594999999998
31332.434999999998
31332.434999999998
31343.359999999997
31356.199999999997
31356.199999999997
31356.199999999997
31367.14
31384.7
31390.17
31390.17
31390.17
31390.17
31390.17
31390.17
31390.17
31426.04
31442.45
31442.45
31681.01
31663.450000000004
31663.450000000004
31663.450000000004
31663.450000000004
31638.260000000002
31655.820000000003
31655.820000000003
31655.820000000003
31655.820000000003
31655.820000000003
31655.820000000003
31686.22
31699.06
31699.06
31699.06
31699.06
31699.06
31699.06
31716.620000000003
31734.180000000004
31734.180000000004
31747.020000000004
31747.020000000004
31747.020000000004
31747.020000000004
32003.890000000003
31991.050000000003
31991.050000000003
31991.050000000003
31991.050000000003
32003.89
32003.89
32003.89
32003.89
31997.255000000005
31997.255000000005
31997.255000000005
31984.905000000002
31984.905000000002
31984.905000000002
31984.905000000002
31990.375000000004
31990.375000000004
31990.375000000004
31977.535
31965.184999999998
31947.625
31936.684999999998
31936.684999999998
31936.684999999998
31946.185
31976.585
31976.585
31976.585
31946.185
31963.745000000003
31963.745000000003
31976.585000000006
31976.585000000006
31976.585000000006
31963.745000000003
31963.745000000003
31994.145000000004
31999.615
32030.015
32030.015
32047.574999999997
32065.135000000002
32309.165
32309.165
32314.635
32314.635
32314.635
32314.635
32297.075
32291.605000000003
32291.605000000003
32296.815000000002
32307.74
32307.74
