2989.4699999999975
3000.4099999999976
3016.8199999999974
3033.2299999999973
3038.699999999997
3049.639999999997
3055.1099999999974
3060.579999999997
3076.989999999997
3087.9299999999976
3093.3999999999974
3319.869999999997
3325.3399999999974
3341.7499999999973
3352.6899999999973
3363.6299999999974
3374.5699999999974
3385.5099999999975
3401.9199999999973
3418.329999999997
3655.739999999997
3672.1499999999974
3677.619999999997
3683.0899999999974
3694.029999999997
3710.4399999999973
3715.909999999997
3721.3799999999974
3726.849999999997
3732.319999999997
3737.7899999999972
3743.259999999997
3754.199999999997
3986.139999999997
4002.549999999997
4025.579999999997
4041.989999999997
4047.459999999997
4052.929999999997
4058.399999999997
4063.869999999997
4069.339999999997
4306.749999999997
4317.689999999997
4323.159999999997
4328.629999999997
4345.039999999997
4355.979999999997
4372.389999999997
4388.799999999997
4394.269999999997
4410.679999999997
4642.619999999997
4659.029999999998
4664.499999999997
4675.439999999998
4680.909999999997
4686.379999999997
4702.789999999997
4708.2599999999975
4713.729999999998
4719.199999999997
4730.139999999998
4735.609999999998
4973.019999999998
4989.429999999998
4994.899999999998
5005.839999999997
5022.249999999997
5045.279999999997
5061.689999999997
5299.099999999997
5315.5099999999975
5331.919999999997
5348.329999999997
5353.799999999997
5364.739999999997
5381.149999999997
5392.089999999997
5629.499999999997
5634.9699999999975
5647.809999999997
5664.219999999997
5675.159999999996
5691.569999999996
5697.039999999996
5707.979999999997
5713.449999999996
5718.919999999996
5950.859999999997
5961.7999999999965
5967.269999999997
5972.739999999997
5978.209999999996
5983.679999999997
6000.0899999999965
6011.029999999997
6021.969999999997
6038.379999999997
6054.789999999997
6281.259999999997
6286.729999999997
6292.199999999997
6297.669999999996
6303.139999999997
6319.5499999999965
6335.959999999997
6352.369999999997
6368.779999999997
6379.719999999997
6385.189999999997
6622.599999999997
6628.069999999997
6644.479999999997
6652.109999999997
6657.579999999997
6663.049999999997
6679.459999999997
6690.399999999997
6701.339999999997
6712.279999999997
6944.219999999997
6949.689999999997
6966.099999999997
6982.509999999997
6993.449999999997
7004.389999999998
7009.859999999997
6999.639999999997
7016.049999999997
7016.049999999997
7026.989999999997
7043.399999999997
7048.869999999997
7049.589999999997
7294.784999999998
7295.624999999998
7301.094999999998
7306.564999999999
7312.034999999999
7317.504999999999
7318.454999999999
7329.134999999998
7329.134999999998
7345.544999999998
7345.544999999998
7356.484999999999
7361.954999999999
7367.424999999999
7604.834999999999
7621.244999999999
7649.744999999999
7660.6849999999995
7666.155
7672.344999999999
7695.374999999999
7932.784999999999
7938.254999999999
7943.7249999999985
7966.754999999999
7983.164999999999
7988.634999999999
7994.105
7999.574999999999
8005.044999999999
8021.454999999999
8026.924999999999
8283.794999999998
8283.794999999998
8300.204999999998
8300.204999999998
8300.925
8317.335
8333.744999999999
8344.685
8350.154999999999
8576.625
8593.035
8609.445
8620.384999999998
8631.324999999999
8631.324999999999
8642.265
8653.204999999998
8658.675
8902.705
8909.015
8914.485
8925.425
8941.835
8947.305
8958.244999999999
8963.715
8980.125
8993.225
9004.164999999999
9236.105
9241.574999999999
9241.574999999999
9247.045
9247.045
9257.985
9259.425
9264.895
9275.835
9270.365
9286.775
9297.715
9308.655
9325.065
9573.845000000001
9575.025
9580.495
9591.435
9602.375
9613.315
9629.725
9652.494999999999
9889.904999999999
9906.314999999999
9929.345
9945.449999999999
9956.39
9967.329999999998
9978.269999999999
9972.8
9989.21
9989.21
10215.679999999998
10232.089999999998
10239.72
10245.189999999999
10250.659999999998
10256.13
10267.07
10283.48
10288.949999999999
10294.419999999998
10299.89
10311.55
10311.55
10317.019999999999
10548.96
10554.429999999998
10559.9
10565.369999999999
10593.869999999999
10599.34
10615.75
10621.22
10626.689999999999
10632.16
10643.099999999999
10876.204999999998
10877.044999999998
10951.194999999998
10962.134999999998
10962.134999999998
10978.544999999998
10989.484999999997
11000.424999999997
11005.894999999999
11011.364999999998
11005.894999999997
11011.364999999998
11248.774999999998
11259.714999999998
11270.654999999997
11276.124999999998
11281.594999999998
11310.094999999998
11326.504999999997
11337.444999999998
11574.854999999998
11580.324999999999
11597.179999999997
11608.119999999997
11613.589999999998
11624.529999999997
11653.029999999999
11658.499999999998
11895.909999999998
11906.849999999999
11912.319999999998
11917.789999999997
11928.729999999998
11957.229999999998
11973.64
11979.109999999999
11995.519999999999
12221.989999999998
12227.46
12232.929999999998
12249.339999999998
12254.809999999998
12260.279999999999
12271.22
12287.63
12293.099999999999
12293.099999999999
12304.039999999999
12560.91
12561.75
12572.689999999999
12570.529999999999
12581.47
12586.94
12597.88
12608.82
12607.884999999998
12613.355
12618.824999999999
12624.294999999998
12629.765
12646.175
12883.585
12894.525
12905.464999999998
12910.935
12916.404999999999
12916.404999999999
12921.874999999998
12927.345
12938.285
12945.195
12956.134999999998
12972.544999999998
13209.954999999998
13211.855
13222.795
13228.265000000001
13224.235
13229.705
13246.115
13257.055
13251.585000000001
13273.895
13284.835000000001
13290.305
13285.555
13291.025000000001
13522.965
13528.205000000002
13552.400000000001
13557.87
13574.28
13579.75
13590.69
13610.609999999999
13621.55
13858.96
13864.429999999998
13869.9
13880.839999999998
13886.31
13886.31
13880.839999999998
13905.035
13932.065000000002
13943.005000000003
14174.945000000003
14187.325000000003
14199.430000000002
14215.840000000002
14238.640000000005
14249.580000000004
14260.520000000004
14267.430000000004
14494.130000000005
14499.600000000004
14522.630000000005
14534.735000000004
14551.145000000004
14562.085000000005
14578.495000000004
14589.435000000003
14594.905000000004
14821.375000000004
14832.315000000004
14848.725000000004
14854.195000000003
14871.050000000003
14887.460000000003
14903.870000000003
14914.810000000003
15153.860000000002
15159.330000000002
15164.800000000001
15200.670000000002
15206.140000000003
15217.080000000002
15240.11
15245.580000000002
15495.080000000002
15489.610000000002
15506.020000000002
15506.020000000002
15512.330000000002
15517.54
15519.440000000002
15531.100000000002
15536.570000000002
15536.570000000002
15542.04
15565.07
15797.01
15802.48
15807.95
15813.42
15813.42
15813.42
15841.920000000002
15880.365
15891.305
16140.805000000002
16157.215000000002
16162.685000000003
16179.095000000003
16201.405
16195.935000000001
16206.875000000002
16212.345000000001
16469.215000000004
16481.440000000002
16497.850000000002
16503.32
16508.79
16508.79
16531.1
16763.04
16779.45
16790.39
16826.260000000002
16831.73
16848.14
17085.995
17109.025
17132.055
17167.925000000003
17405.335000000003
17416.275
17420.075
17455.945000000003
17450.475000000002
17461.415
17472.355000000003
17483.295000000002
17488.765000000003
17494.235
17499.705
17730.695000000003
17736.165
17752.575
17763.515000000003
17799.385000000002
17810.325000000004
18054.095
18054.095
18059.565000000002
18065.035
18070.505
18110.835000000003
18116.305
18127.245000000003
18132.715000000004
18127.245000000003
18364.655000000002
18400.525
18436.395000000004
18443.535000000003
18454.920000000002
18690.200000000004
18706.610000000004
18723.465000000004
18739.875000000004
18756.285000000003
18772.695000000003
18784.095000000005
18789.565000000002
19018.640000000003
19022.900000000005
19028.370000000003
19039.310000000005
19039.310000000005
19055.720000000005
19032.690000000002
19061.635000000002
19078.045000000002
19083.515000000003
19088.985000000004
19099.925000000003
19105.395000000004
19342.530000000002
19353.470000000005
19376.500000000004
19381.970000000005
19405.000000000004
19424.430000000004
19424.430000000004
19429.900000000005
19429.900000000005
19429.900000000005
19435.370000000003
19661.840000000004
19667.310000000005
19690.340000000007
19706.965000000004
19716.265000000007
19733.120000000006
19744.060000000005
19729.810000000005
19753.560000000005
20029.970000000005
20046.075000000008
20065.50500000001
20331.125000000004
20336.595000000005
20358.905000000002
20364.375000000004
20386.685000000005
20415.63000000001
20670.785000000003
20665.315000000006
20659.140000000007
20663.890000000007
20669.360000000004
20680.300000000007
20691.240000000005
20704.08000000001
20716.920000000006
20727.860000000008
20738.800000000007
20982.830000000005
21021.275000000005
21037.685000000005
21056.685000000005
21288.365000000005
21311.165000000005
21334.195000000007
21339.665000000008
21362.695000000007
21375.535000000003
21612.945000000003
21623.885000000002
21623.885000000002
21639.560000000005
21645.030000000002
21655.970000000005
21672.380000000005
21927.535000000007
21938.47500000001
21954.88500000001
21960.355000000007
21982.665000000008
22017.81500000001
22244.285000000007
22290.07000000001
22306.48000000001
22284.63000000001
22299.875000000007
22310.81500000001
22316.285000000007
22589.965000000004
22600.905000000002
22606.375000000004
22617.315000000002
22628.255000000005
22633.725000000006
22640.360000000008
22657.21500000001
22914.08500000001
22943.42500000001
22948.895000000008
22959.83500000001
22965.305000000008
22975.52500000001
23214.085000000006
23237.535000000007
23248.47500000001
23253.945000000007
23279.550000000003
23285.020000000004
23301.875000000004
23545.905000000002
23551.795000000002
23557.265000000003
23551.795000000002
23557.985000000004
23568.925000000003
23568.925000000003
23579.865000000005
23596.490000000005
23594.850000000006
23605.790000000008
23611.260000000006
23616.730000000007
23629.570000000007
23861.95500000001
23867.425000000007
23872.895000000008
23878.105000000007
23859.825000000004
23865.035000000007
23881.445000000007
23916.595
23924.670000000006
23945.525000000005
23960.680000000004
24209.460000000003
24219.450000000004
24232.290000000005
24269.815000000002
24280.755000000005
24507.225000000002
24512.695000000003
24525.535000000003
24536.475000000002
24536.475000000002
24541.945000000003
24564.255000000005
24564.255000000005
24580.665000000005
24595.405000000006
24604.705000000005
24599.235000000004
24836.645000000004
24859.445000000003
24864.915000000005
24864.915000000005
24877.755000000005
24883.225000000006
24909.825000000004
24915.295000000006
25176.625
25182.095
25182.095
25182.095
25191.595
25186.125
25179.489999999998
25184.96
25201.37
25206.839999999997
25206.839999999997
25229.15
25234.62
25476.475000000002
25481.225000000002
25481.225000000002
25503.535000000003
25524.405000000002
25819.555
25821.225000000002
25832.165
25825.530000000002
25842.385000000002
25853.325
25858.795000000002
25858.795000000002
25898.175000000003
26142.205
26159.059999999998
26182.09
26182.09
26187.56
26174.72
26174.72
26202.7
26202.7
26208.170000000002
26219.11
26456.52
26467.460000000003
26472.7
26478.170000000002
26466.280000000002
26471.75
26471.75
26471.75
26477.22
26500.25
26528.705000000005
26534.175000000003
26777.485000000008
26782.955000000005
26787.705000000005
26770.145000000004
26775.615000000005
26792.025000000005
26820.525
26815.055000000004
26831.465000000004
26854.495000000006
26865.435000000005
26865.435000000005
26875.885000000006
26868.775000000005
27117.555000000004
27128.940000000002
27169.270000000004
27174.740000000005
27186.125000000007
27190.875000000007
27423.260000000006
27415.230000000007
27426.17000000001
27437.110000000008
27453.520000000008
27489.390000000007
27737.910000000007
27773.480000000003
27795.790000000005
27795.790000000005
27808.630000000005
27810.010000000002
28052.815000000002
28093.145000000004
28105.985
28111.945
28122.885000000002
28139.295000000002
28151.615
28377.825000000004
28388.765000000003
28405.175000000003
28418.015
28457.395
28700.72
28717.13
28731.795000000002
28731.795000000002
28731.795000000002
28754.825000000004
28754.825000000004
28752.465000000004
28757.675000000003
28789.945000000003
29021.885000000002
29032.825000000004
29015.265000000003
29037.575000000004
29043.045000000002
29095.725000000002
29100.475000000002
29343.800000000003
29343.800000000003
29366.83
29384.42
29372.07
29384.91
29390.87
29390.87
29408.43
29425.055
29678.31
29691.990000000005
29692.480000000003
29697.950000000004
29708.890000000003
29714.130000000005
29743.075
29761.08
29766.550000000003
29766.550000000003
29998.49
30018.915
30054.785000000003
30075.640000000007
30309.480000000003
30332.630000000005
30332.630000000005
30367.260000000002
30614.860000000004
30620.330000000005
30625.800000000007
30653.780000000006
30609.175000000007
30627.225000000006
30632.695000000003
30638.165000000005
30643.635000000006
30658.805000000004
30653.335000000003
30658.805000000004
30674.480000000007
30674.480000000007
30674.480000000007
30679.230000000007
30928.685000000005
30945.095000000005
30961.690000000002
31002.020000000004
31000.595000000005
30993.960000000006
31255.58
31260.33
31271.73
31304.000000000004
31314.450000000004
31314.450000000004
31319.920000000002
31572.27
31582.0
31582.0
31598.625
31621.655000000002
31621.655000000002
31622.375000000004
31656.07
31915.025
31920.495000000003
31934.745000000003
31892.270000000008
31908.680000000008
31919.605000000003
31950.005000000005
31972.805000000004
32234.135000000006
32255.725000000002
32259.050000000003
32264.520000000004
32281.145000000004
32286.615000000005
32529.925000000003
32546.335000000003
32551.805
32539.945
32555.62
32553.275000000005
32576.425000000007
32579.735000000008
32834.89000000001
32839.64000000001
32852.48
32880.98000000001
32877.15000000001
32893.560000000005
32898.310000000005
32903.780000000006
33170.33500000001
33174.595
33144.19500000001
33163.62500000001
33179.30000000001
33184.770000000004
33189.520000000004
33200.46000000001
33205.93000000001
33224.93000000001
33483.88500000001
33483.88500000001
33473.66500000001
33484.60500000001
33524.93500000001
33529.68500000001
33791.01500000001
33826.88500000001
33836.87500000001
33842.115000000005
33847.58500000001
33875.105
33886.045000000006
34112.515
34115.84
34121.31
34122.03
34122.03
34132.97
34132.97
34149.825000000004
34165.50000000001
34192.530000000006
34207.73
34467.175
34478.560000000005
34478.560000000005
34518.89000000001
34524.36000000001
34529.83
34766.505000000005
34748.945
34779.3
34779.3
34784.770000000004
34790.240000000005
34818.755
34841.065
34845.815
35116.185000000005
35144.685000000005
35159.365
35164.835
35391.045
35407.899999999994
35393.175
35389.345
35405.755000000005
35411.225000000006
35446.375
35415.545000000006
35421.015
35426.485
35426.485
35448.075000000004
35442.605
35447.355
35460.60999999999
35703.935
35714.875
35670.975
35691.83
35718.905
35741.215000000004
35741.215000000004
35757.35
35768.28999999999
36035.795
36035.795
36046.475000000006
36051.945
36046.475000000006
36066.90000000001
36066.90000000001
36069.229999999996
36080.17
36080.17
36080.17
36347.675
36352.425
36352.425
36388.295
36401.135
36655.829999999994
36617.40000000001
36622.15000000001
36622.15000000001
36627.62000000001
36671.32000000001
36689.325000000004
36729.195
36734.665
36966.604999999996
36966.604999999996
36983.46
37010.060000000005
37004.59000000001
37014.09000000001
37286.34500000001
37314.845
37314.845
37314.845
37358.04000000001
37361.365000000005
37377.96000000001
37626.479999999996
37662.35000000001
37678.945
37927.97000000001
37933.44000000001
37961.94000000002
37978.09000000001
38006.59000000001
38262.74000000001
38264.41000000001
38269.88000000001
38266.110000000015
38271.580000000016
38270.400000000016
38248.12000000001
38270.400000000016
38291.745000000024
38283.22500000001
38299.63500000002
38288.28000000001
38294.24000000001
38311.830000000016
38334.86000000002
38323.50500000002
38578.95000000002
38575.150000000016
38569.680000000015
38569.680000000015
38610.30000000001
38642.57000000002
38658.98000000002
38892.82000000001
38910.515000000014
38926.62000000001
38958.89000000002
38947.535000000025
38970.56500000002
39205.31000000002
39216.695000000014
39222.165000000015
39233.09000000002
39233.09000000002
39256.12000000002
39522.20000000002
39522.20000000002
39550.70000000002
39586.57000000002
39609.60000000002
39604.13000000002
39836.515000000014
39847.455000000016
39864.080000000016
39864.080000000016
39879.75500000002
39892.59500000002
39915.62500000002
40159.65500000003
40158.93500000003
40185.535000000025
40223.49000000003
40237.74000000003
40468.24000000003
40496.74000000002
40507.68000000002
40533.285000000025
40546.12500000002
40546.12500000002
40788.47000000003
40798.92000000003
40842.56000000003
40848.03000000003
40863.70500000002
41129.325000000026
41152.355000000025
41408.47500000002
41413.94500000002
41424.88500000002
41429.63500000002
41457.15500000002
41457.15500000002
41461.47500000002
41499.89000000002
41765.51000000002
41776.45000000002
41776.45000000002
41781.92000000002
41787.390000000014
41797.84000000002
41815.400000000016
42059.430000000015
42064.180000000015
42100.28000000001
42104.540000000015
42363.49500000002
42379.90500000001
42408.40500000001
42425.030000000006
42430.50000000001
42445.180000000015
42445.180000000015
42672.830000000016
42678.30000000002
42678.30000000002
42691.140000000014
42713.45000000001
42718.92000000001
42734.59500000001
42740.06500000001
42763.095000000016
43004.95000000002
43033.45000000002
43046.290000000015
43083.81500000002
43310.28500000002
43334.51000000002
43334.51000000002
43352.56000000003
43390.515000000014
43390.515000000014
43639.97000000002
43668.91500000002
43708.29500000003
43959.69500000002
43999.915000000015
44016.77000000002
44021.52000000002
44036.20000000002
44272.400000000016
44299.43000000001
44315.10500000001
44350.975000000006
44356.44500000001
44352.18500000001
44581.260000000024
44596.93500000003
44609.775000000016
44615.24500000002
44644.19000000001
44661.04500000001
44901.04500000001
44901.04500000001
44929.54500000002
44935.01500000002
44951.61000000002
45211.99000000002
45228.58500000002
45244.995000000024
45260.67000000001
45249.73000000001
45248.30500000001
45294.810000000005
45299.07000000001
45536.17500000001
45551.85000000001
45578.45000000002
45587.95000000002
45604.05500000001
45609.52500000001
45846.63000000001
45877.520000000004
45893.19500000001
45908.87000000001
45913.62000000001
46158.37000000001
46158.37000000001
46160.45500000001
46165.20500000001
46180.88000000001
46213.150000000016
46223.60000000002
46246.63000000001
46472.38000000001
46502.735000000015
46521.735000000015
46521.735000000015
46547.34000000002
46547.34000000002
46563.44500000002
46795.370000000024
46835.70000000003
46848.95500000003
46843.48500000003
46832.13000000003
46854.44000000003
46892.885000000024
47119.355000000025
47146.87500000003
47162.98000000003
47162.98000000003
47167.73000000003
47203.600000000035
47435.54000000003
47452.13500000004
47504.815000000024
47748.09500000003
47763.26500000003
47774.20500000003
47774.20500000003
47767.55500000003
47777.05500000003
47777.05500000003
47782.52500000003
47798.66000000003
47803.41000000003
47810.06000000003
47808.635000000024
47820.020000000026
47824.770000000026
47843.770000000026
48090.86500000003
48096.33500000003
48101.08500000003
48101.08500000003
48101.08500000003
48101.08500000003
48105.83500000003
48151.39000000003
48406.08500000002
48353.405000000035
48369.08000000002
48369.08000000002
48374.550000000025
48387.85000000003
48408.27500000003
48419.21500000003
48453.41500000003
48463.86500000003
48480.27500000003
48723.585000000036
48764.86500000003
48756.34500000004
48764.92500000003
48769.67500000003
48789.10500000003
49018.18000000003
49061.37500000003
49065.635000000024
49333.14000000003
49336.465000000026
49350.71500000004
49373.05500000003
49385.89500000002
49412.495000000024
49412.495000000024
49415.82000000002
49420.57000000002
49397.54000000003
49423.65000000002
49655.590000000026
49655.590000000026
49669.84000000004
49704.990000000034
49704.990000000034
49968.26500000003
49997.21000000002
49991.74000000003
49995.54000000002
50002.62000000003
50002.62000000003
50002.62000000003
50010.69500000003
50282.00000000003
50304.310000000034
50319.98500000004
50332.825000000026
50337.575000000026
50360.60500000003
50373.44500000004
50610.85500000004
50602.765000000036
50613.70500000004
50629.81000000004
50629.81000000004
50664.485000000044
50669.235000000044
50674.70500000004
50687.54500000005
50930.87000000005
50936.46000000005
50936.46000000005
50947.400000000045
50957.85000000005
50974.260000000046
51000.860000000044
51006.330000000045
51011.80000000005
51016.55000000005
51016.55000000005
51248.93500000004
51284.085000000036
51284.085000000036
51288.835000000036
51299.24000000004
51314.91500000004
51320.38500000004
51325.85500000004
51569.180000000044
51601.45000000004
51606.92000000004
51611.67000000004
51616.42000000004
51615.21000000004
51636.06500000004
51636.06500000004
51872.955000000045
51878.54500000004
51905.14500000003
51951.65000000003
51956.89000000003
51939.33000000002
51934.58000000002
51944.08000000002
52194.02500000002
52198.77500000002
52198.77500000002
52210.16000000002
52238.66000000002
52493.35500000002
52530.88000000002
52566.98000000002
52813.585000000014
52840.18500000001
52855.86000000001
53121.94000000002
53159.89500000002
53159.89500000002
53159.89500000002
53182.92500000002
53188.39500000002
53176.52000000002
53192.19500000002
53214.52000000002
53214.52000000002
53214.52000000002
53454.52000000002
53483.02000000002
53494.40500000002
53522.20000000002
53509.85000000002
53538.35000000002
53782.38000000002
53825.08500000003
54071.260000000024
54120.140000000014
54120.140000000014
54385.27000000001
54401.375000000015
54451.680000000015
54701.625000000015
54719.67500000002
54719.67500000002
54708.32000000002
54713.79000000002
54713.79000000002
54713.79000000002
54713.79000000002
54713.79000000002
54718.54000000002
54728.04000000002
54754.64000000002
54777.67000000002
54777.67000000002
54802.84500000003
54802.84500000003
54802.84500000003
55040.44000000003
55065.61500000003
55058.01500000003
55075.605000000025
55075.605000000025
55080.355000000025
55074.88500000003
55089.550000000025
55339.05000000002
55339.05000000002
55359.90500000002
55374.64500000002
55389.80000000002
55412.11000000002
55416.86000000002
55430.11500000002
55697.62000000001
55688.625000000015
55714.720000000016
55737.03000000001
55780.78000000001
55780.78000000001
55784.53500000002
56021.94500000002
56021.94500000002
56033.60500000002
56033.60500000002
56030.75500000002
56041.69500000002
56047.16500000002
56063.270000000026
56068.020000000026
56072.770000000026
56072.770000000026
56332.67500000002
56349.08500000002
56357.160000000025
56361.910000000025
56387.51500000002
56354.265000000014
56359.015000000014
56352.84000000002
56375.165000000015
56391.76000000002
56397.23000000002
56412.90500000002
56412.90500000002
56417.65500000002
56653.33500000002
56687.15000000002
56698.090000000026
56963.22000000003
56991.72000000003
56997.19000000003
57011.44000000003
57015.700000000026
57021.17000000003
57036.84500000002
57052.520000000026
57045.885000000024
57051.355000000025
57295.385000000024
57302.87500000002
57302.87500000002
57307.855000000025
57319.25500000003
57319.25500000003
57319.25500000003
57333.93500000003
57358.16000000002
57600.01500000002
57609.51500000002
57625.19000000002
57648.220000000016
57903.37500000002
57926.14500000002
58008.89500000002
58025.000000000015
58029.750000000015
58028.32500000001
58055.400000000016
58053.055000000015
58301.57500000001
58301.57500000001
58316.53000000001
58332.63500000002
58360.15500000002
58360.15500000002
58371.54000000002
58371.54000000002
58374.88000000002
58379.63000000002
58390.08000000002
58354.210000000014
58362.285
58331.455
58336.925
58352.60000000001
58616.30500000001
58616.30500000001
58635.305000000015
58662.82500000001
58677.075000000004
58699.35500000001
58944.12000000001
58950.17000000001
58963.01000000002
58963.01000000002
58963.01000000002
58967.76000000002
58973.23000000002
58977.98000000002
58955.70000000002
58968.540000000015
58987.97000000002
59016.425000000025
59282.04500000002
59291.05500000002
59339.50500000002
59596.375000000015
59594.705000000016
59599.455000000016
59604.92500000002
59635.81500000002
59635.81500000002
59882.42000000002
59916.11500000002
59921.585000000014
60184.860000000015
60184.860000000015
60185.33500000003
60219.030000000035
60223.780000000035
60247.53000000003
60260.37000000003
60504.40000000003
60525.160000000025
60541.78500000002
60547.25500000002
60562.93000000002
60567.68000000002
60596.18000000002
60600.93000000002
60837.605000000025
60842.355000000025
60847.825000000026
60830.26500000003
60830.26500000003
60835.01500000002
60845.955000000016
60845.955000000016
60845.955000000016
60864.00500000003
60864.00500000003
60869.215000000026
60898.16000000002
60909.10000000002
60900.55000000002
60910.05000000002
61161.45000000002
61198.160000000025
61208.09000000003
61233.26500000003
61233.26500000003
61498.39500000002
61503.14500000002
61514.54500000001
61775.875000000015
61802.47500000001
61802.47500000001
61826.70000000002
61832.17000000002
61846.42000000001
62087.845000000016
62087.845000000016
62092.595000000016
62109.45000000002
62123.70000000001
62159.570000000014
62164.320000000014
62405.74500000001
62422.155000000006
62426.905000000006
62442.58000000001
62451.790000000015
62480.735000000015
62497.360000000015
62727.860000000015
62759.210000000014
62772.05000000001
62782.99000000001
62795.830000000016
62824.775000000016
62820.485000000015
63049.56000000001
63100.81500000001
63123.125000000015
63366.45000000002
63371.20000000002
63371.20000000002
63387.79500000002
63416.250000000015
63417.23000000002
63417.23000000002
63417.23000000002
63440.26000000002
63463.290000000015
63689.040000000015
63693.790000000015
63693.790000000015
63698.540000000015
63714.705000000016
63726.09000000002
63726.09000000002
63726.09000000002
63754.31500000002
63754.31500000002
63754.31500000002
63759.06500000002
63763.81500000002
63757.21000000002
63767.89000000002
63767.89000000002
63772.64000000002
64033.510000000024
64045.87500000002
64098.55500000002
64329.05500000002
64329.05500000002
64339.995000000024
64339.995000000024
64345.46500000002
64361.14000000002
64376.81500000002
64389.65500000002
64412.68500000003
64419.33500000002
64419.33500000002
64651.01500000002
64683.285000000025
64712.230000000025
64739.26000000003
64996.13000000003
65013.825000000026
65001.72000000002
65001.72000000002
65017.395000000026
65033.07000000003
65047.75000000002
65047.75000000002
65052.50000000002
65052.50000000002
65296.27000000002
65301.02000000002
65307.70000000002
65312.45000000002
65328.125000000015
65333.82500000002
65333.82500000002
65338.57500000002
65348.07500000002
65352.82500000002
65352.82500000002
65360.90000000002
65369.895000000026
65374.645000000026
65611.32000000002
65627.91500000002
65640.75500000002
65621.31000000003
65621.31000000003
65621.31000000003
65578.11500000002
65578.11500000002
65617.52000000002
65606.16500000002
65606.16500000002
65606.16500000002
65606.16500000002
65640.59500000003
65645.34500000003
65651.00000000003
65654.75500000003
65654.75500000003
65690.85500000003
65694.61000000003
65700.08000000003
65704.83000000003
65954.33000000003
65977.36000000003
65993.03500000003
65993.03500000003
65985.89500000003
65985.89500000003
65963.61500000003
65963.61500000003
65968.36500000003
65968.36500000003
65973.11500000003
65999.21000000004
66003.96000000004
66003.96000000004
66014.41000000003
66243.48500000004
66246.81000000003
66265.35000000003
66270.10000000003
66270.10000000003
66285.77500000002
66301.45000000003
66301.45000000003
66301.45000000003
66306.20000000003
66310.95000000003
66310.95000000003
66315.70000000003
66541.92500000002
66565.67500000003
66570.42500000003
66577.55000000003
66577.55000000003
66577.55000000003
66580.58500000004
66585.79500000003
66585.79500000003
66579.16000000003
66593.41000000003
66596.73500000003
66601.48500000003
66606.95500000003
66606.95500000003
66625.45000000003
66625.45000000003
66636.83500000004
66902.91500000004
66907.66500000004
66920.50500000003
66936.18000000004
66936.18000000004
67190.87500000003
67195.62500000003
67235.95500000005
67248.79500000003
67276.31500000005
67281.52500000004
67507.27500000004
67523.38000000005
67548.98500000003
67548.98500000003
67553.73500000003
67553.73500000003
67828.36500000005
67848.20500000005
67863.88000000005
67863.88000000005
67868.63000000005
67868.63000000005
67868.63000000005
67868.63000000005
67882.88000000003
67898.55500000004
67916.11500000003
68141.86500000003
68142.81500000003
68153.75500000003
68169.43000000004
68169.43000000004
68174.18000000004
68208.87000000004
68207.69000000003
68207.69000000003
68207.69000000003
68207.69000000003
68474.24500000004
68496.58500000002
68491.11500000003
68495.86500000003
68495.86500000003
68495.86500000003
68500.61500000003
68505.36500000003
68505.36500000003
68531.96500000004
68773.82000000005
68789.49500000004
68810.35000000003
68843.55500000004
69079.23500000003
69079.23500000003
69102.40000000004
69072.00000000003
69103.35000000003
69120.20500000005
69120.20500000005
69125.41500000004
69125.41500000004
69135.86500000003
69149.62500000004
69149.62500000004
69392.90500000004
69408.58000000003
69413.33000000003
69426.17000000004
69426.17000000004
69430.92000000004
69435.67000000004
69452.52500000004
69466.77500000004
69708.20000000004
69708.20000000004
69712.95000000004
69712.95000000004
69717.70000000004
69742.87500000003
69758.55000000003
69758.55000000003
69758.03000000003
69758.03000000003
69758.03000000003
70009.43000000004
70009.43000000004
70015.02000000003
70030.69500000004
70051.55000000003
70065.80000000003
70081.47500000003
70326.24000000002
70352.84000000003
70357.59000000003
70370.43000000002
70370.43000000002
70384.68000000004
70411.28000000004
70637.03000000004
70654.59000000004
70654.59000000004
70678.81500000005
70704.42000000003
70963.86500000003
70979.54000000004
