1
3
6
9
10
12
13
14
17
19
20
21
22
25
27
29
31
33
36
39
42
45
46
47
49
52
53
54
55
56
57
58
60
62
65
67
70
71
72
73
74
75
78
80
81
82
85
87
90
93
94
97
99
102
103
105
106
107
110
111
112
113
115
116
119
122
123
125
128
130
133
136
139
142
145
146
148
151
153
156
157
158
161
163
166
167
169
170
171
173
175
176
177
178
179
182
184
186
189
192
193
194
195
196
197
200
203
206
209
211
212
215
216
219
220
221
222
225
227
229
231
233
234
237
240
242
244
245
243
246
246
248
251
252
252
253
253
254
255
256
257
257
259
259
262
262
264
265
266
269
272
275
277
278
279
281
284
285
286
288
291
292
293
294
295
298
299
302
302
305
305
305
308
311
313
314
315
318
321
323
325
325
327
329
330
332
333
334
336
339
340
342
343
346
348
350
352
353
353
354
354
356
356
357
359
358
361
363
365
368
370
370
371
373
375
377
380
381
384
387
389
389
391
393
395
394
397
397
398
401
402
403
404
405
407
410
411
412
413
415
415
416
418
419
420
421
424
425
428
429
430
431
433
434
434
436
438
438
441
443
445
446
447
446
447
450
452
454
455
456
459
462
464
467
468
470
472
473
475
478
479
482
484
485
486
488
491
494
495
498
499
500
501
504
505
506
508
511
512
512
514
517
517
519
519
521
522
524
526
527
528
529
530
531
534
537
539
541
542
543
543
544
545
547
548
550
553
556
556
558
559
558
559
562
564
563
564
566
567
566
567
569
568
569
570
573
574
576
578
580
583
584
585
587
588
588
587
588
589
591
593
595
596
599
601
603
605
606
607
608
610
611
614
616
619
621
622
623
625
628
629
631
634
637
639
641
642
643
646
647
649
651
652
655
654
657
657
658
659
659
661
662
662
663
665
667
668
669
670
670
670
673
675
677
680
683
684
687
688
687
689
690
693
694
697
698
699
699
700
702
705
707
710
711
714
716
718
720
723
726
728
728
731
730
732
734
736
737
738
739
741
742
745
747
750
752
754
754
755
756
757
760
761
763
764
763
766
769
772
773
774
776
779
781
784
787
790
790
791
791
791
792
794
794
797
795
797
800
801
802
804
805
806
808
810
811
813
813
813
814
814
814
815
816
817
819
821
822
824
826
823
822
825
825
826
828
829
830
831
832
834
837
836
836
837
838
840
842
843
844
846
848
850
852
855
856
858
860
862
863
865
866
869
871
871
871
872
874
877
880
882
885
886
887
889
890
893
896
894
893
895
896
899
901
902
904
906
907
907
909
912
915
916
918
919
921
922
924
926
927
928
929
931
933
934
935
934
935
937
937
939
941
940
942
943
944
945
946
947
948
949
948
949
952
954
954
955
956
958
959
960
960
962
963
964
965
967
967
968
969
969
972
973
974
973
976
978
979
979
980
981
981
982
985
986
986
986
986
985
985
986
989
990
990
991
992
993
994
994
995
996
998
998
1000
1000
1001
1003
1004
1004
1005
1007
1009
1011
1011
1012
1011
1011
1014
1014
1015
1017
1020
1022
1023
1024
1021
1022
1022
1022
1023
1025
1026
1027
1028
1029
1029
1028
1029
1032
1035
1034
1037
1039
1041
1041
1043
1041
1043
1044
1047
1048
1049
1049
1050
1049
1051
1053
1056
1059
1061
1063
1064
1064
1065
1066
1069
1072
1073
1074
1076
1079
1081
1082
1084
1087
1088
1089
1092
1095
1096
1096
1096
1098
1098
1099
1100
1102
1104
1106
1105
1106
1107
1110
1110
1113
1113
1115
1116
1116
1117
1118
1118
1119
1121
1124
1125
1125
1126
1128
1129
1131
1131
1132
1132
1134
1134
1137
1138
1139
1140
1140
1141
1141
1142
1143
1146
1144
1146
1147
1148
1149
1151
1150
1151
1151
1151
1151
1151
1152
1155
1157
1160
1160
1159
1162
1162
1163
1165
1167
1167
1168
1168
1169
1169
1171
1173
1173
1173
1175
1177
1178
1178
1174
1177
1177
1179
1181
1184
1185
1185
1186
1188
1189
1190
1193
1194
1194
1194
1192
1193
1194
1197
1197
1198
1201
1201
1204
1204
1205
1206
1206
1204
1205
1205
1206
1206
1208
1209
1209
1210
1210
1208
1210
1213
1213
1216
1219
1220
1220
1221
1223
1225
1226
1226
1227
1227
1227
1229
1229
1231
1231
1232
1234
1236
1237
1237
1240
1241
1242
1242
1241
1242
1242
1243
1244
1245
1246
1246
1248
1251
1252
1253
1254
1256
1255
1255
1258
1259
1261
1258
1259
1260
1260
1261
1260
1260
1262
1265
1267
1264
1265
1268
1269
1269
1270
1272
1275
1275
1276
1277
1276
1276
1276
1277
1279
1279
1279
1282
1282
1282
1285
1286
1288
1286
1286
1286
1287
1287
1288
1290
1291
1293
1293
1295
1295
1294
1294
1297
1300
1300
1300
1302
1302
1304
1306
1309
1311
1312
1313
1316
1316
1319
1321
1321
1322
1320
1321
1321
1320
1321
1323
1321
1324
1323
1324
1325
1327
1326
1329
1328
1327
1327
1330
1332
1335
1336
1338
1339
1341
1340
1342
1344
1345
1346
1346
1346
1348
1351
1351
1354
1357
1359
1358
1359
1361
1363
1363
1363
1364
1366
1368
1368
1368
1369
1370
1370
1373
1375
1376
1377
1377
1379
1381
1384
1385
1385
1387
1389
1391
1392
1394
1394
1396
1396
1395
1398
1400
1402
1402
1403
1404
1406
1407
1409
1409
1409
1409
1410
1413
1416
1418
1419
1420
1420
1420
1421
1421
1422
1423
1424
1424
1425
1427
1429
1432
1433
1433
1434
1436
1436
1438
1439
1439
1440
1442
1443
1445
1446
1448
1448
1449
1451
1452
1452
1455
1456
1456
1456
1456
1457
1458
1460
1462
1462
1462
1465
1466
1468
1469
1471
1474
1474
1472
1472
1474
1474
1475
1475
1475
1475
1476
1477
1478
1480
1480
1480
1480
1480
1480
1481
1481
1481
1483
1485
1487
1487
1488
1488
1488
1489
1489
1490
1490
1493
1494
1493
1492
1493
1495
1496
1498
1499
1499
1499
1502
1504
1506
1509
1510
1512
1514
1514
1513
1513
1513
1514
1515
1515
1515
1515
1516
1516
1516
1518
1519
1519
1519
1519
1519
1519
1520
1522
1519
1519
1519
1520
1521
1520
1522
1522
1524
1527
1528
1529
1527
1525
1525
1526
1526
1528
1528
1531
1531
1531
1532
1533
1533
1533
1533
1533
1531
1530
1532
1532
1532
1534
1534
1534
1536
1535
1533
1533
1533
1533
1533
1534
1535
1535
1536
1536
1538
1539
1542
1541
1543
1543
1543
1543
1543
1544
1545
1548
1548
1548
1550
1552
1555
1555
1556
1557
1557
1557
1558
1560
1560
1560
1561
1561
1562
1563
1566
1568
1569
1569
1569
1568
1569
1569
1570
1570
1570
1573
1574
1573
1572
1572
1574
1574
1574
1575
1578
1580
1580
1580
1581
1581
1581
1584
1585
1585
1585
1587
1588
1588
1588
1588
1588
1588
1588
1591
1592
1593
1593
1596
1598
1599
1599
1600
1600
1601
1602
1603
1605
1607
1607
1606
1607
1607
1607
1607
1607
1607
1607
1607
1609
1609
1609
1609
1609
1611
1611
1611
1612
1612
1612
1611
1611
1611
1611
1612
1613
1615
1616
1616
1617
1620
1615
1617
1618
1618
1618
1619
1622
1622
1624
1624
1624
1626
1627
1628
1628
1628
1628
1631
1634
1635
1635
1636
1634
1634
1634
1637
1639
1640
1640
1640
1640
1641
1643
1645
1646
1649
1650
1650
1650
1651
1651
1651
1650
1651
1653
1653
1653
1654
1654
1654
1654
1655
1657
1658
1658
1658
1660
1663
1665
1665
1666
1666
1666
1666
1664
1666
1666
1668
1669
1671
1671
1672
1672
1672
1672
1674
1671
1671
1668
1669
1669
1670
1670
1670
1672
1672
1673
1674
1675
1676
1676
1676
1676
1677
1677
1676
1677
1678
1679
1681
1682
1682
1685
1682
1682
1683
1685
1685
1686
1688
1689
1689
1689
1689
1690
1690
1690
1691
1693
1695
1697
1698
1698
1698
1701
1701
1701
1701
1702
1701
1701
1701
1703
1703
1703
1705
1705
1706
1708
1710
1708
1708
1710
1713
1714
1714
1714
1715
1715
1715
1718
1718
1718
1720
1721
1721
1721
1721
1721
1723
1723
1726
1726
1726
1729
1729
1729
1730
1732
1734
1734
1734
1735
1737
1738
1740
1739
1739
1742
1743
1746
1746
1746
1748
1749
1747
1747
1747
1749
1751
1751
1751
1751
1751
1752
1753
1753
1753
1755
1755
1755
1755
1755
1754
1756
1756
1756
1758
1760
1763
1763
1763
1765
1765
1766
1766
1766
1767
1769
1770
1770
1772
1773
1775
1776
1779
1781
1779
1779
1779
1779
1780
1780
1780
1780
1782
1782
1784
1784
1784
1785
1785
1785
1785
1785
1785
1785
1787
1787
1787
1789
1790
1788
1788
1788
1783
1783
1785
1784
1784
1784
1784
1786
1786
1787
1788
1788
1788
1789
1790
1790
1793
1795
1795
1795
1791
1791
1790
1790
1790
1790
1790
1792
1792
1792
1794
1794
1794
1796
1796
1796
1796
1796
1796
1796
1796
1796
1796
1796
1796
1796
1796
1796
1796
1796
1797
1798
1798
1797
1797
1797
1797
1798
1798
1800
1800
1801
1804
1804
1805
1805
1805
1807
1807
1810
1811
1813
1814
1814
1816
1817
1817
1817
1817
1818
1818
1818
1818
1818
1818
1818
1818
1818
1818
1819
1819
1819
1821
1821
1821
1821
1822
1822
1822
1822
1822
1823
1824
1823
1823
1823
1823
1823
1823
1823
1823
1824
1824
1825
1826
1827
1827
1827
1825
1825
1827
1827
1828
1828
1830
1830
1830
1831
1831
1831
1832
1832
1832
1832
1834
1834
1834
1834
1834
1834
1834
1834
1834
1834
1835
1835
1835
1837
1837
1837
1837
1838
1838
1838
1839
1839
1839
1840
1840
1840
1840
1840
1841
1841
1843
1844
1846
1846
