2
5
6
8
10
11
14
17
19
21
22
24
26
27
30
33
36
37
38
40
42
43
46
47
50
52
52
55
58
59
61
64
66
68
70
72
75
78
81
84
86
87
88
91
93
94
95
96
98
100
102
103
105
108
107
109
109
111
112
114
117
119
121
123
124
126
127
128
131
133
135
136
138
139
140
143
145
146
147
148
149
149
150
152
154
156
158
159
160
163
165
168
170
171
172
175
177
180
181
184
186
188
189
189
190
191
194
194
194
194
196
198
200
203
205
208
209
211
213
214
217
220
222
223
224
227
229
230
233
234
235
236
237
238
241
244
245
247
249
250
252
253
255
258
261
263
266
269
272
275
275
275
276
279
279
280
282
283
286
289
290
293
293
295
297
298
299
300
302
303
304
306
308
309
312
314
316
317
319
321
323
325
327
327
330
332
335
336
338
341
342
343
346
347
348
349
352
354
357
360
362
365
365
368
371
372
374
376
378
378
379
380
379
381
383
385
387
389
392
395
398
398
398
398
399
401
402
405
405
407
408
408
411
413
415
418
418
419
420
421
423
423
425
426
426
426
428
428
429
429
431
432
433
435
438
439
442
445
446
448
451
452
452
455
457
457
459
461
464
464
466
467
467
468
469
469
469
469
471
471
474
474
476
477
477
478
480
480
480
483
483
484
485
485
486
487
488
489
490
493
494
495
496
499
498
499
499
500
503
504
506
507
507
507
510
510
511
512
513
514
515
517
520
521
522
523
526
526
526
527
527
528
528
528
530
532
534
536
535
536
537
537
538
538
539
539
540
540
541
541
544
545
547
548
551
552
554
554
555
558
558
558
561
562
564
566
569
571
572
575
577
578
579
581
582
583
585
588
590
592
594
596
599
602
603
605
606
607
609
610
612
612
614
615
617
620
622
622
623
623
625
625
625
626
626
627
627
626
626
626
627
627
629
630
631
633
634
634
635
638
639
639
637
638
641
643
645
646
647
647
647
648
648
651
653
654
656
659
660
661
661
661
664
665
666
668
670
670
671
672
672
672
672
672
675
676
677
677
679
681
681
682
683
683
684
687
689
689
689
692
692
693
695
695
695
694
697
698
698
699
699
701
702
703
703
704
707
707
709
711
712
715
716
718
719
720
722
725
727
728
728
731
732
733
735
736
736
738
739
741
741
741
743
743
744
744
746
746
748
751
751
752
752
753
755
756
757
757
758
758
760
761
761
763
764
766
765
765
766
767
769
770
770
770
770
770
771
773
773
776
778
779
781
781
781
782
782
782
783
783
783
783
785
786
787
788
788
789
791
792
792
792
794
794
797
797
797
799
801
802
803
803
803
804
806
807
808
809
809
810
811
813
815
815
815
816
816
816
816
817
820
821
820
820
822
823
823
825
825
828
829
829
830
831
833
833
831
831
833
834
833
835
835
837
838
838
841
844
845
845
845
846
846
846
846
846
845
847
847
847
850
850
850
851
851
852
854
856
859
859
860
860
860
860
860
861
861
862
862
865
866
865
865
865
865
865
867
867
869
869
869
870
870
872
872
872
872
872
873
873
875
877
877
878
879
879
881
881
882
883
883
884
884
884
884
884
884
886
887
887
887
888
889
889
889
889
889
891
892
892
893
894
894
896
896
897
899
900
900
901
903
904
905
905
905
905
908
909
909
909
909
909
909
909
910
910
908
908
908
909
911
911
911
913
913
913
913
913
913
915
915
916
916
918
919
917
919
920
919
919
921
921
923
923
924
926
927
928
928
929
929
930
930
930
930
932
932
932
932
932
933
933
933
933
933
932
933
933
934
933
934
934
934
934
934
934
935
936
936
937
938
939
941
941
943
943
943
942
945
944
944
944
945
946
946
945
946
948
948
948
948
950
952
953
955
955
955
956
956
956
956
956
956
958
958
959
960
960
961
962
963
963
963
964
964
966
966
966
966
966
968
968
968
968
968
968
968
970
969
969
970
970
970
971
971
971
974
974
974
974
974
974
974
974
974
972
972
971
971
971
971
971
972
974
974
976
976
977
976
976
976
976
976
976
977
977
978
978
980
980
980
981
982
982
982
982
982
982
983
985
985
985
987
988
989
991
990
990
990
990
991
991
991
991
992
995
996
996
996
998
1001
1003
1004
1004
1004
1004
1006
1007
1007
1007
1007
1006
1007
1008
1009
1009
1009
1010
1010
1009
1009
1009
1009
1008
1008
1008
1008
1008
1009
1009
1009
1009
1010
1011
1011
1010
1011
1011
1012
1013
1013
1013
1014
1015
1015
1015
1015
1015
1015
1015
1015
1015
1015
1015
1015
1018
1020
1020
1020
1020
1020
1020
1020
1020
1021
1021
1021
1022
1022
1022
1023
1024
1024
1024
1027
1027
1027
1027
1027
1029
1029
1029
1029
1029
1029
1029
1028
1028
1029
1027
1027
1027
1027
1027
1027
1027
1027
1028
1028
1028
1029
1031
1031
1031
1032
1033
1033
1033
1033
1033
1032
1033
1033
1034
1034
1034
1034
1034
1034
1034
1034
1034
1036
1036
1037
1037
1037
1038
1041
1041
1044
1044
1044
1044
1044
1044
1045
1045
1045
1046
1047
1047
1047
1047
1047
1047
1048
1048
1048
1048
1048
1049
1049
1051
1053
1053
1053
1053
1053
1053
1053
1053
1054
1054
1054
1054
1054
1055
1055
1055
1055
1054
1055
1055
1056
1056
1056
1058
1058
1058
1058
1058
1059
1059
1060
1061
1061
1062
1062
1062
1063
1063
1063
1063
1063
1064
1064
1064
1063
1063
1063
1063
1066
1066
1066
1066
1068
1068
1068
1068
1069
1070
1070
1070
1070
1070
1070
1070
1070
1070
1071
1071
1071
1071
1071
1072
1072
1072
1073
1073
1073
1073
1074
1074
1075
1075
1075
1078
1078
1078
1080
1080
1080
1083
1083
1083
1083
1084
1084
1084
1084
1084
1086
1086
1086
1086
1087
1087
1087
1089
1088
1088
1088
1088
1088
1088
1089
1089
1089
1089
1089
1091
1092
1092
1092
1092
1092
1092
1093
1093
1093
1094
1094
1094
1094
1094
1096
1096
1096
1096
1096
1096
1096
1097
1096
1096
1096
1096
1096
1096
1096
1098
1098
1097
1098
1097
1097
1097
1098
1098
1098
1098
1099
1101
1103
1103
1104
1104
1105
1105
1105
1105
1103
1105
1105
1105
1105
1105
1107
1107
1107
1107
1107
1107
1107
1107
1108
1108
1108
1108
1108
1108
1108
1108
1108
1109
1109
1109
1109
1109
1112
1112
1112
1112
1112
1112
1112
1112
1112
1112
1112
1112
1112
1114
1114
1113
1113
1113
1112
1112
1112
1113
1113
1115
1115
1115
1115
1115
1115
1115
1115
1116
1116
1118
1118
1118
1119
1119
1119
1119
1119
1119
1120
1120
1121
1121
1121
1121
1121
1121
1123
1123
1123
1123
1123
1124
1124
1124
1124
1123
1124
1124
1125
1125
1125
1125
1125
1125
1125
1125
1125
1125
1125
1125
1125
1125
1125
1125
1124
1124
1123
1123
1123
1123
1123
1123
1123
1123
1123
1123
1123
1123
1124
1124
1124
1124
1125
1125
1127
1127
1127
1127
1128
1128
1128
1128
1128
1128
1128
1128
1128
1128
1128
1128
1128
1128
1128
1128
1128
1128
1128
1128
1128
1128
1130
1130
1130
1131
1131
1131
1132
1132
1132
1132
1132
1132
1133
1133
1133
1133
1133
1131
1132
1132
1132
1132
1132
1132
1134
1134
1135
1135
1135
1135
1135
1135
1136
1139
1141
1141
1143
1142
1142
1143
1144
1144
1144
1144
1144
1144
1144
1144
1144
1144
1144
1144
1144
1144
1144
1144
1144
1143
1143
1143
1143
1143
1143
1143
1144
1144
1144
1144
1144
1144
1145
1145
1148
1148
1148
1147
1148
1148
1146
1146
1146
1147
1147
1147
1147
1149
1149
1149
1149
1149
1149
1148
1148
1148
1148
1148
1148
1148
1148
1148
1148
1148
1148
1148
1148
1148
1148
1148
1148
1148
1148
1148
1148
1146
1146
1146
1146
1148
1148
1148
1148
1148
1148
1148
1148
1148
1148
1148
1148
1148
1149
1150
1150
1150
1150
1149
1149
1149
1149
1149
1149
1149
1149
1149
1149
1149
1149
1149
1149
1149
1149
1149
1149
1149
1149
1149
1149
1150
1150
1150
1150
1150
1150
1150
1151
1150
1150
1150
1150
1150
1150
1150
1150
1150
1150
1150
1150
1150
1151
1151
1151
1152
1153
1153
1153
1153
1153
1155
1156
1156
1156
1156
1157
1157
1157
1157
1157
1157
1157
1157
1157
1157
1157
1157
1155
1155
1155
1154
1154
1154
1154
1157
1157
1156
1156
1156
1156
1156
1156
1156
1156
1156
1155
1155
1155
1155
1155
1155
1155
1155
1155
1155
1155
1155
1156
1156
1156
1156
1156
1156
1156
1156
1156
1156
1156
1156
1156
1156
1156
1156
1156
1156
1156
1154
1154
1156
1156
1156
1156
1156
1156
1156
1156
1156
1156
1156
1156
1156
1156
1156
1156
1157
1157
1156
1156
1154
1154
1154
1154
1154
1154
1154
1154
1154
1154
1154
1157
1158
1158
1158
1158
1159
1158
