2989.4699999999975
3000.4099999999976
3011.3499999999976
3027.7599999999975
3038.6999999999975
3055.1099999999974
3066.0499999999975
3076.9899999999975
3087.9299999999976
3319.8699999999976
3325.3399999999974
3330.8099999999977
3341.7499999999973
3352.689999999998
3358.1599999999976
3369.0999999999976
3374.569999999998
3380.0399999999977
3385.5099999999975
3401.919999999998
3418.3299999999977
3655.7399999999975
3672.1499999999974
3683.0899999999974
3688.5599999999977
3711.5899999999974
3717.0599999999977
3727.9999999999973
3738.9399999999973
3744.4099999999976
3749.8799999999974
3976.349999999997
3992.7599999999975
4003.699999999997
4014.639999999997
4031.0499999999975
4047.4599999999973
4052.929999999997
4065.7699999999973
4076.7099999999973
4308.649999999997
4314.119999999997
4325.059999999998
4330.529999999997
4341.4699999999975
4357.879999999997
4374.289999999997
4379.7599999999975
4390.699999999997
4401.639999999998
4639.049999999997
4649.989999999997
4666.399999999997
4677.339999999997
4693.749999999997
4710.159999999997
4715.629999999997
4721.099999999997
4970.599999999998
4976.069999999998
4987.0099999999975
5003.419999999997
5019.829999999997
5025.299999999997
5030.769999999998
5036.239999999998
5053.799999999997
5285.739999999997
5291.209999999997
5296.679999999997
5307.619999999997
5314.529999999997
5319.999999999997
5336.409999999997
5341.879999999997
5341.879999999997
5341.879999999997
5352.819999999997
5369.229999999997
5385.639999999998
5618.744999999998
5618.744999999998
5630.524999999999
5646.934999999999
5669.964999999998
5680.904999999998
5691.8449999999975
5708.254999999998
5713.724999999998
5719.194999999998
5945.664999999998
5962.074999999998
5978.484999999998
5989.424999999997
6005.834999999998
6011.304999999998
6027.714999999997
6038.654999999998
6044.124999999998
6276.064999999998
6292.474999999998
6308.8849999999975
6319.824999999998
6330.764999999998
6330.764999999998
6336.234999999998
6352.644999999998
6363.584999999998
6363.584999999998
6369.054999999998
6379.994999999998
6606.464999999998
6611.934999999998
6617.404999999998
6622.874999999998
6628.344999999998
6644.754999999998
6655.694999999998
6661.164999999998
6672.104999999999
6672.104999999999
6677.574999999998
6683.044999999998
6688.5149999999985
6693.984999999999
6699.454999999998
6710.394999999999
6936.864999999998
6953.274999999998
6958.744999999998
6964.214999999998
6975.154999999998
6980.364999999998
6985.834999999998
6996.774999999998
7002.244999999998
7013.184999999999
7013.184999999999
7018.654999999998
7030.314999999999
7267.7249999999985
7273.194999999998
7284.134999999998
7295.074999999998
7306.0149999999985
7322.424999999998
7333.364999999998
7338.834999999998
7349.774999999999
7360.714999999998
7598.124999999998
7614.534999999998
7625.4749999999985
7641.884999999998
7652.824999999999
7663.7649999999985
7663.7649999999985
7658.294999999998
7686.074999999999
7691.544999999999
7923.484999999999
7923.484999999999
7928.954999999999
7934.424999999999
7939.894999999999
7945.364999999999
7950.834999999999
7967.244999999999
7972.714999999999
7978.184999999999
7989.569999999998
8005.979999999999
8022.3899999999985
8024.549999999998
8256.489999999998
8261.96
8278.369999999999
8301.399999999998
8306.869999999999
8317.809999999998
8324.72
8335.659999999998
8346.599999999999
8329.039999999999
8345.449999999999
8350.92
8356.39
8588.33
8588.33
8616.83
8627.77
8633.24
8644.18
8649.65
8655.119999999999
8666.06
8671.53
8915.56
8921.03
8931.970000000001
8937.44
8948.380000000001
8959.32
8995.189999999999
9000.66
9232.599999999999
9232.599999999999
9238.07
9249.009999999998
9254.48
9265.419999999998
9270.89
9281.83
9281.83
9298.24
9326.74
9564.15
9569.619999999999
9552.060000000001
9568.470000000001
9573.94
9590.075
9595.545
9601.015
9636.885
9653.295000000002
9879.765000000001
9896.175000000001
9907.115000000002
9923.525000000001
9934.465
9950.875000000002
9956.345000000001
9967.285000000002
9983.695000000002
9985.855000000001
10217.795000000002
10228.735
10239.675000000001
10241.115000000002
10241.115000000002
10257.525000000001
10268.465000000002
10273.935000000001
10279.405
10279.405
10295.815
10301.285000000002
10306.755000000001
10544.165
10549.635000000002
10555.105000000001
10590.255000000001
10590.255000000001
10634.725
10640.195
10639.015
10662.045
10672.985
10910.395
10938.894999999999
10949.835
10949.835
10955.304999999998
10955.304999999998
10971.715
10977.185
10982.654999999999
10999.064999999999
11236.474999999999
11247.414999999999
11252.884999999998
11258.355
11263.824999999999
11263.824999999999
11274.765
11280.234999999999
11291.175
11307.585
11313.055
11551.615000000002
11568.025000000001
11603.895
11591.055
11596.525
11596.525
11612.935
11623.875
11634.815
11872.225
11883.165
11888.635
11888.635
11888.635
11911.665
11934.695000000002
11940.165
11940.885
11951.825
11968.235
12194.705000000002
12206.365000000002
12234.865000000002
12245.805000000002
12256.745
12267.685000000001
12284.095000000001
12289.565000000002
12526.975000000002
12543.385000000002
12554.325
12559.795000000002
12565.265000000001
12576.205000000002
12587.145000000002
12592.615000000002
12609.025000000001
12858.525
12869.465
12869.465
12880.405
12885.875
12902.285
12907.755000000001
12902.285
12902.285
12907.755000000001
12913.225
13170.095000000001
13176.405
13157.390000000003
13168.330000000004
13179.270000000004
13184.740000000003
13213.240000000003
13224.180000000004
13235.120000000004
13491.990000000003
13515.440000000002
13497.880000000003
13497.880000000003
13503.350000000002
13531.850000000006
13548.260000000006
13564.670000000006
13570.140000000005
13581.080000000005
13586.550000000005
13586.550000000005
13819.210000000005
13826.840000000006
13832.310000000005
13848.720000000005
13865.130000000005
13870.600000000006
13887.455000000005
13892.925000000005
13892.925000000005
13909.780000000006
14147.190000000006
14158.130000000006
14169.070000000005
14185.480000000005
14180.010000000006
14190.690000000006
14196.160000000005
14213.015000000005
14213.015000000005
14218.485000000004
14199.485000000004
14204.955000000005
14204.955000000005
14215.895000000004
14238.205000000005
14481.530000000004
14487.000000000004
14492.470000000005
14492.470000000005
14508.880000000005
14514.350000000004
14550.220000000005
14788.780000000004
14800.560000000003
14816.970000000005
14827.910000000003
14801.295000000004
14806.765000000003
14812.235000000004
14817.705000000004
14828.645000000004
14839.585000000005
14875.455000000005
14880.925000000005
14891.865000000005
14897.335000000005
15123.805000000004
15140.215000000004
15156.625000000005
15162.095000000005
15190.595000000005
15212.905000000004
15218.375000000004
15223.845000000003
15455.785000000003
15466.725000000004
15483.580000000004
15494.520000000004
15523.020000000004
15523.020000000004
15523.020000000004
15528.490000000003
15533.960000000003
15533.960000000003
15539.430000000004
15776.840000000004
15782.310000000003
15764.750000000005
15770.220000000005
15770.220000000005
15775.690000000004
15792.100000000006
15797.570000000005
15813.980000000005
15819.450000000004
15830.390000000005
15830.390000000005
15830.390000000005
15841.330000000005
16102.950000000006
16131.450000000006
16166.600000000004
16422.750000000004
16422.750000000004
16416.115000000005
16416.115000000005
16416.115000000005
16427.055000000004
16433.965000000004
16457.730000000003
16464.160000000003
16469.630000000005
16492.660000000003
16748.81
16748.81
16760.225000000002
16760.225000000002
16765.695000000003
16771.165
16787.575
16793.045000000002
16809.455
16820.395
17064.425
17070.735
17076.205
17081.675
17087.145
17068.13
17071.47
17082.41
17082.41
17093.350000000002
17104.29
17105.73
17116.670000000002
17133.525
17133.525
17150.38
17155.850000000002
17172.705
17172.705
17404.645000000004
17387.085
17387.085
17392.555
17403.495
17419.905
17419.905
17425.375
17430.845
17441.785
17452.725
17458.195
17463.665
17463.665
17469.135000000002
17474.605
17474.605
17484.105
17484.105
17484.105
17745.725000000006
17762.135000000006
17778.545000000006
17840.575000000004
17851.515000000003
18083.900000000005
18085.800000000007
18066.785000000003
18066.785000000003
18072.255000000005
18083.195000000003
18083.195000000003
18079.885000000006
18085.355000000003
18096.035000000003
18118.345000000005
18118.345000000005
18134.480000000003
18169.630000000005
18419.13
18430.070000000003
18441.010000000002
18423.450000000004
18428.920000000002
18434.390000000003
18439.860000000004
18439.860000000004
18446.050000000003
18446.050000000003
18456.990000000005
18467.930000000004
18467.930000000004
18478.870000000003
18473.400000000005
18478.870000000003
18484.340000000004
18495.280000000002
18495.280000000002
18511.690000000002
18522.630000000005
18522.630000000005
18528.100000000002
18528.100000000002
18754.570000000003
18770.980000000003
18776.450000000004
18768.390000000003
18770.52
18775.99
18792.4
18808.81
18814.280000000002
18793.870000000003
18788.4
18793.870000000003
18834.489999999998
18839.96
19083.285
19083.285
19100.14
19105.61
19105.61
19123.199999999997
19139.61
19122.049999999996
19157.2
19157.2
19413.350000000002
19420.49
19431.43
19431.43
19436.9
19436.9
19436.9
19459.210000000003
19475.620000000003
19481.090000000004
19737.96
19731.325
19771.945000000003
19771.945000000003
19782.885000000002
19776.25
19792.66
19798.13
19798.13
19798.13
19798.13
19807.63
20041.73
20047.2
20029.64
20012.08
20012.08
20020.430000000004
20020.430000000004
20031.370000000003
20031.370000000003
20042.31
20082.93
20049.665
20049.665
20055.135
20021.884999999995
20027.354999999996
20040.194999999996
20040.194999999996
20051.134999999995
20067.544999999995
20067.544999999995
20073.014999999996
20108.165
20108.165
20108.165
20121.004999999997
20121.004999999997
20121.004999999997
20126.475
20126.475
20126.475
20126.475
20375.974999999995
20392.385
20392.385
20392.385
20408.795
20414.264999999996
20442.764999999996
20442.764999999996
20442.764999999996
20453.704999999994
20464.644999999997
20464.644999999997
20691.114999999994
20707.969999999998
20707.969999999998
20690.41
20707.984999999993
20715.354999999996
20715.354999999996
20737.665
20748.605
20748.605
20743.855
20749.325
20765.735
20765.735
20765.735
20771.205
20776.675
20782.145
21043.765
21049.234999999997
21054.704999999998
21060.175
21064.925
21070.394999999997
21093.425000000003
21331.985
21331.985
21361.325000000004
21361.325000000004
21397.195
21397.195
21402.665
21408.135000000002
21414.325
21419.795000000002
21419.795000000002
21425.265000000003
21674.765
21674.765
21685.705
21691.175
21711.600000000002
21711.600000000002
21722.540000000005
21722.540000000005
21734.920000000002
21734.920000000002
21740.390000000003
21997.260000000002
21979.82
21992.660000000003
22016.11
22039.14
22051.980000000003
22037.715
22048.655
22059.335
22070.275
22075.745
22302.935
22302.935
22338.085
22338.085
22312.435
22317.905
22323.375
22351.155000000002
22368.010000000002
22390.320000000003
22390.320000000003
22364.670000000002
22370.140000000003
22386.550000000003
22386.550000000003
22625.140000000003
22625.140000000003
22630.61
22630.61
22665.760000000002
22671.230000000003
22676.700000000004
22676.700000000004
22687.640000000003
22668.625000000004
22674.095000000005
22690.505000000005
22718.285000000007
22723.75500000001
22950.225000000006
22961.165000000008
22966.635000000006
22966.635000000006
22977.575000000008
22988.515000000007
22970.955000000005
22970.955000000005
22981.895000000004
23004.205
23009.675000000003
23015.145000000004
23015.145000000004
23026.085000000003
23016.585000000003
23051.735
23283.675
23290.585
23276.320000000003
23276.320000000003
23253.290000000005
23253.290000000005
23293.91
23304.850000000002
23304.850000000002
23310.32
23310.32
23315.53
23315.53
23326.47
23362.34
23367.81
23605.22
23610.690000000002
23610.690000000002
23610.690000000002
23590.97
23601.910000000003
23612.850000000002
23612.850000000002
23600.010000000002
23600.010000000002
23604.3
23604.3
23609.77
23609.77
23614.98
23643.48
23654.42
23654.42
23654.42
23910.570000000003
23946.440000000002
23963.295000000002
23963.295000000002
23991.795000000002
24229.205
24229.205
24217.1
24221.850000000002
24232.79
24238.260000000002
24238.260000000002
24238.260000000002
24238.260000000002
24238.260000000002
24249.200000000004
24249.200000000004
24277.7
24300.730000000003
24306.200000000004
24291.935
24285.300000000003
24285.300000000003
24285.300000000003
24285.300000000003
24290.770000000004
24286.020000000004
24291.49
24551.685
24537.42
24535.289999999997
24575.909999999996
24558.35
24569.289999999997
24569.289999999997
24597.79
24620.82
24620.82
24620.82
24631.76
24637.23
24892.674999999996
24892.674999999996
24874.394999999993
24879.864999999994
24879.144999999993
24884.614999999994
24890.084999999995
24890.084999999995
24890.084999999995
24890.084999999995
24925.234999999993
24953.734999999993
24953.734999999993
24953.734999999993
24964.674999999992
25205.824999999997
25205.824999999997
25205.824999999997
25210.114999999994
25233.144999999997
25233.144999999997
25231.229999999996
25244.069999999992
25249.539999999994
25249.539999999994
25249.539999999994
25255.009999999995
25260.479999999992
25265.949999999993
25522.819999999992
25522.819999999992
25528.289999999994
25537.789999999994
25537.789999999994
25537.789999999994
25543.259999999995
25525.699999999993
25525.699999999993
25560.849999999995
25560.849999999995
25560.849999999995
25628.35
25622.879999999997
25622.879999999997
25866.189999999995
25872.839999999997
25872.839999999997
25872.839999999997
25883.779999999995
25912.279999999995
25904.679999999997
25904.679999999997
25927.005
25944.595
26195.995
26191.364999999998
26208.954999999998
26214.425
26219.175
26224.644999999997
26241.054999999997
26241.054999999997
26222.269999999997
26215.635
26221.105
26233.944999999996
26239.834999999995
26239.834999999995
26239.834999999995
26240.554999999997
26275.705
26609.854999999996
26589.414999999994
26589.414999999994
26589.414999999994
26594.88499999999
26630.034999999996
26630.034999999996
26631.704999999998
26635.994999999995
26652.404999999995
26663.344999999998
26656.71
26674.3
26674.3
26905.98
26911.45
26916.92
26916.92
26916.92
26927.86
26944.715000000004
26944.715000000004
26944.715000000004
26955.655000000002
26955.655000000002
26961.125000000004
26954.489999999998
26954.489999999998
26954.489999999998
26963.989999999998
26969.46
26997.975000000002
27247.475
27229.915
27229.915
27240.855
27251.795000000002
27247.765
27260.865
27260.865
27278.425000000007
27278.425000000007
27278.425000000007
27278.425000000007
27278.425000000007
27314.295000000006
27321.435000000005
27547.905000000002
27547.905000000002
27547.905000000002
27583.775
27583.775
27596.614999999998
27591.145
27607.555
27618.495
27619.934999999998
27599.495000000003
27604.965000000004
27587.405000000002
27587.405000000002
27587.405000000002
27622.555
27873.955000000005
27880.265
27867.425000000003
27867.425000000003
27867.425000000003
27883.835000000003
27883.835000000003
27883.835000000003
27883.835000000003
27900.245000000003
27900.245000000003
27900.245000000003
27908.32
27909.989999999998
27892.43
27886.960000000003
27886.960000000003
27881.49
27881.49
27903.815000000002
27934.215
27934.215
27935.055
27935.055
27935.055
27947.895
27947.895
27947.895
28197.395000000004
28202.865
28213.805000000004
28219.015000000003
28219.015000000003
28229.955
28210.940000000002
28210.940000000002
28216.41
28216.41
28244.91
28255.85
28228.775
28245.185
28232.375
28243.315000000002
28260.875
28268.365
28279.305
28279.305
28292.145000000004
28530.705
28530.705
28530.705
28512.655000000002
28512.655000000002
28512.655000000002
28512.655000000002
28512.655000000002
28512.655000000002
28540.435
28551.375
28573.95
28596.26
28596.26
28596.26
28607.199999999997
28607.199999999997
28601.729999999996
28601.729999999996
28601.729999999996
28608.64
28608.64
28614.109999999997
28608.64
28631.67
28631.67
28637.14
28637.14
28632.39
28632.39
28649.98
28647.13
28634.32
28650.730000000003
28656.2
28656.2
28656.2
28661.670000000002
28644.110000000004
28644.110000000004
28900.26
28900.26
28916.67
28929.510000000002
28952.54
28952.54
28952.54
28952.54
28952.54
28952.54
28938.305
28938.305
28949.245
28960.184999999998
28960.184999999998
28973.024999999998
28982.524999999998
28982.524999999998
28982.524999999998
28982.524999999998
28987.995
29226.555
29222.685
29222.685
29227.895
29227.895
29227.895
29227.895
29250.205
29272.515000000003
29265.880000000005
29255.43
29255.43
29234.989999999998
29234.989999999998
29234.989999999998
29234.989999999998
29234.989999999998
29234.989999999998
29270.14
29282.979999999996
29306.009999999995
29306.009999999995
29288.449999999993
29293.919999999995
29537.949999999993
29537.949999999993
29560.259999999995
29559.079999999994
29534.364999999998
29557.394999999997
29574.984999999997
29580.454999999998
29580.454999999998
29580.454999999998
29580.454999999998
29562.894999999997
29565.729999999996
29565.729999999996
29565.729999999996
29565.729999999996
29565.729999999996
29565.729999999996
29565.729999999996
29565.729999999996
29546.745
29546.745
29546.745
29521.094999999998
29503.535
29519.945
29519.945
29525.414999999997
29525.414999999997
29525.414999999997
29555.815
29573.405
29578.614999999998
29579.074999999997
29579.074999999997
29584.545
29584.545
29566.985
29579.824999999997
29567.475
29567.475
29567.475
29567.475
29580.315
29591.254999999997
29581.754999999997
29599.344999999998
29599.344999999998
29599.344999999998
29566.555
29577.94
29579.84
29558.94
29569.62
29552.06
29552.06
29574.37
29574.37
29561.56
29556.09
29583.87
29583.87
29611.649999999998
29611.649999999998
29611.649999999998
29617.12
29868.52
29855.094999999998
29855.094999999998
29855.094999999998
29885.495000000006
29909.485000000008
29909.485000000008
29909.485000000008
29909.485000000008
29926.340000000007
29926.340000000007
29937.280000000006
29924.930000000008
29930.40000000001
29930.40000000001
29941.340000000007
29927.10500000001
29927.10500000001
29938.04500000001
29943.51500000001
29948.985000000008
29925.95500000001
29944.95500000001
30201.94500000001
30225.395000000015
30225.395000000015
30241.805000000015
30247.275000000016
30247.275000000016
30263.685000000016
30269.155000000013
30269.155000000013
30269.155000000013
30269.155000000013
30269.155000000013
30269.155000000013
30280.095000000016
30280.095000000016
30280.095000000016
30292.935000000012
30262.535000000014
30255.885000000017
30272.295000000016
30247.580000000013
30247.580000000013
30247.580000000013
30231.920000000016
30237.390000000014
30237.390000000014
30237.390000000014
30237.390000000014
30237.390000000014
30237.390000000014
30237.390000000014
30237.390000000014
30237.390000000014
30237.390000000014
30237.390000000014
30278.010000000013
30278.010000000013
30288.95000000001
30283.48000000001
30280.14000000001
30310.540000000015
30553.850000000013
30553.850000000013
30553.850000000013
30553.850000000013
30553.850000000013
30545.30000000001
30545.30000000001
30527.74000000001
30550.065000000006
30550.065000000006
30550.065000000006
30550.065000000006
30538.405000000006
30538.405000000006
30515.115000000005
30515.115000000005
30508.480000000003
30490.920000000006
30521.32000000001
30527.21000000001
30528.65000000001
30523.180000000008
30523.180000000008
30540.770000000008
30539.33000000001
30561.64000000001
30561.64000000001
30579.20000000001
30579.20000000001
30607.70000000001
30590.585000000006
30590.585000000006
30590.585000000006
30590.585000000006
30590.585000000006
30590.585000000006
30590.585000000006
30589.160000000007
30563.97000000001
30557.335000000006
30557.335000000006
30560.215000000007
30565.68500000001
30565.68500000001
30565.68500000001
30587.995000000006
30608.910000000007
30602.275
30596.805000000004
30613.215000000004
30841.845
30841.845
30841.845
30841.845
30846.135000000002
30882.005000000005
30904.315000000006
30904.315000000006
30909.065000000006
30909.065000000006
30909.065000000006
30931.375000000004
30918.565000000006
30918.565000000006
31155.700000000004
31155.700000000004
31155.700000000004
31178.010000000002
31147.61
31169.935
31158.99499999999
31158.99499999999
31171.834999999995
31171.834999999995
31171.834999999995
31171.834999999995
31166.364999999994
31171.834999999995
31151.424999999996
31151.424999999996
31192.044999999995
31214.354999999992
31225.294999999995
31198.204999999994
31208.164999999994
31190.604999999996
31190.604999999996
31190.604999999996
31190.604999999996
31195.829999999994
31184.889999999992
31184.889999999992
31215.289999999994
31205.774999999998
31205.054999999997
31205.054999999997
31187.495
31187.495
31177.98
31213.129999999997
31249.0
31249.0
31505.149999999998
31510.62
31510.62
31510.62
31510.62
31510.62
31523.46
31523.46
31534.89
31534.89
31545.83
31801.979999999996
31796.51
31831.660000000003
31831.660000000003
31831.660000000003
31831.660000000003
31848.070000000003
31853.54
32110.41
32146.400000000005
32146.400000000005
32182.27
32182.27
32182.27
32195.110000000004
32200.58
32456.73
32492.600000000002
32492.600000000002
32492.600000000002
32498.07
32498.07
32498.07
32472.42
32508.29
32745.410000000003
32746.250000000004
32751.72
32751.72
32751.72
32751.72
32751.72
32732.705
32732.705
32767.855000000003
32767.855000000003
32767.855000000003
32796.355
32818.665
32818.665
32829.605
32846.46
32816.06
32785.66
32785.66
32785.66
32796.6
32796.6
32818.91
32818.91
32872.130000000005
32872.130000000005
32872.130000000005
32888.54
33127.1
33162.25000000001
33162.25000000001
33162.25000000001
33162.25000000001
33162.25000000001
33162.25000000001
33162.25000000001
33175.090000000004
33162.28
33202.9
33459.049999999996
33459.049999999996
33459.049999999996
33494.2
33742.045
33742.045
33777.915
33777.915
33777.915
33777.915
33780.75
33780.75
33780.75
33780.75
33803.06
33842.06
33854.899999999994
33860.369999999995
33860.369999999995
33860.369999999995
33860.369999999995
34109.15
34109.15
34109.15
34142.68
34129.87
34135.340000000004
34135.340000000004
34135.340000000004
34135.340000000004
34140.810000000005
34140.810000000005
34141.530000000006
34159.12
34159.12
34159.12
34141.560000000005
34176.71
34211.86
34192.14
34192.14
34197.61
34197.61
34197.61
34197.61
34197.61
34219.920000000006
34219.920000000006
34219.920000000006
34456.335
34438.775
34438.775
34443.065
34454.005000000005
34489.155000000006
34489.155000000006
34494.365000000005
34493.87500000001
34493.87500000001
34487.94500000001
34504.355
34504.355
34509.825000000004
34498.88500000001
34498.88500000001
34498.88500000001
34503.63500000001
34503.63500000001
34481.280000000006
34486.75000000001
34474.385
34483.88500000001
34489.35500000001
34502.19500000001
34502.19500000001
34507.420000000006
34516.920000000006
34516.920000000006
34512.645000000004
34744.57000000001
34744.57000000001
34744.57000000001
34750.880000000005
34758.465000000004
34752.76500000001
34770.355
34770.355
34783.19500000001
34819.065
34819.065
34819.065
34819.065
34801.505000000005
34817.915
34817.915
34817.915
34814.575000000004
34820.045000000006
34820.045000000006
34820.045000000006
34807.205
34800.57
34800.57
34787.76
34787.76
34787.76
34787.76
34786.090000000004
34786.090000000004
34786.090000000004
34786.090000000004
34786.090000000004
34786.090000000004
34791.560000000005
34791.560000000005
34791.560000000005
34772.575000000004
34772.575000000004
34785.415
34785.415
34785.415
34772.575000000004
34772.575000000004
34765.94000000001
34751.704999999994
34734.145
34734.145
34734.145
34770.01500000001
34770.01500000001
34770.01500000001
34775.485
34797.795000000006
34797.795000000006
34789.950000000004
34789.950000000004
34789.950000000004
34789.950000000004
34830.57000000001
34830.57000000001
34834.86
35091.01
35091.01
35065.36
35065.36
35058.725000000006
35093.87500000001
35116.905000000006
35105.965000000004
35105.965000000004
35146.585
35146.585
35402.735
35425.76500000001
35412.955
35448.105
35448.105
35476.605
35476.605
35476.605
35479.439999999995
35741.06
35741.06
35757.469999999994
35757.469999999994
35793.34
35793.34
35796.65
36030.49
36013.049999999996
36013.049999999996
36013.049999999996
36003.534999999996
36003.534999999996
36038.685
36067.2
36067.2
36067.2
36067.2
36067.2
36056.26
36084.76
36078.125
36063.399999999994
36056.76499999999
36054.604999999996
36076.93
36076.93
36081.219999999994
36081.219999999994
36081.219999999994
36081.219999999994
36081.219999999994
36080.5
36080.5
36073.86499999999
36073.86499999999
36073.145
36109.01499999999
36360.83499999999
36360.83499999999
36360.83499999999
36360.83499999999
36376.929999999986
36376.929999999986
36376.929999999986
36359.369999999995
36359.369999999995
36359.369999999995
36378.33999999999
36378.33999999999
36400.649999999994
36400.649999999994
36400.649999999994
36435.79999999999
36425.34999999999
36430.81999999999
36430.81999999999
36430.81999999999
36430.81999999999
36430.81999999999
36667.969999999994
36667.969999999994
36667.969999999994
36653.73499999999
36676.76499999999
36676.76499999999
36675.32499999999
36675.32499999999
36662.514999999985
36662.514999999985
36649.704999999994
36644.23499999999
36653.73499999999
36647.55999999999
36647.55999999999
36647.55999999999
36622.369999999995
36622.369999999995
36622.369999999995
36658.23999999999
36664.12999999999
36692.62999999999
36692.62999999999
36692.62999999999
36692.62999999999
36705.469999999994
36683.14499999999
36683.14499999999
36676.50999999999
36704.289999999986
36704.289999999986
36704.289999999986
36717.12999999999
36717.12999999999
36704.319999999985
36739.469999999994
36739.469999999994
36739.469999999994
36726.659999999996
36726.659999999996
36726.659999999996
36726.659999999996
36726.659999999996
36726.659999999996
36726.659999999996
36726.659999999996
36726.659999999996
36744.24999999999
36982.80999999999
37005.96
37005.96
37011.43
37011.43
37005.255
37005.255
37022.094999999994
37014.494999999995
37014.494999999995
37014.494999999995
37014.494999999995
37014.494999999995
37014.494999999995
37014.494999999995
37014.494999999995
37014.494999999995
37014.494999999995
37014.494999999995
37029.909999999996
37029.909999999996
37029.909999999996
37021.81999999999
37021.81999999999
37044.84999999999
37044.84999999999
37067.15999999999
37310.47
37349.94499999999
37349.94499999999
37332.38499999999
37326.209999999985
37326.209999999985
37326.209999999985
37326.209999999985
37326.209999999985
37342.344999999994
37342.344999999994
37342.344999999994
37342.344999999994
37372.74499999999
37385.70499999998
37385.70499999998
37385.70499999998
37385.70499999998
37385.70499999998
37414.20499999999
37394.72999999999
37394.72999999999
37394.72999999999
37396.62999999999
37396.62999999999
37402.099999999984
37411.109999999986
37411.109999999986
37411.109999999986
