0.35
1.0
0.775
0.8833333333333333
0.84
0.98
0.8925
0.9611111111111111
0.916923076923077
0.9786666666666667
0.93825
0.9697916666666667
0.9603448275862069
0.9680882352941177
0.9585
0.9783695652173913
0.9727884615384615
0.9684426229508196
0.9680434782608696
0.9668831168831169
0.9734883720930233
0.9737765957446809
0.9733663366336633
0.9779166666666667
0.9730341880341881
0.97096
0.9752325581395349
0.9728676470588236
0.9019148936170213
0.8373404255319149
0.7809929078014184
0.7348936170212766
0.7335611510791367
0.7166423357664233
0.7546715328467153
0.7754044117647059
0.8126470588235294
0.8592647058823529
0.9026296296296297
