237.41
248.35
259.29
270.23
281.17
292.11
308.52
324.93
330.4
562.34
573.28
578.75
584.22
600.63
611.57
622.51
633.45
638.92
644.39
655.33
887.27
898.21
909.15
914.62
920.09
931.03
941.97
947.44
952.91
969.3199999999999
980.26
1217.67
1228.61
1239.55
1255.96
1272.37
1283.31
1294.25
1310.6599999999999
1548.07
1564.48
1569.95
1580.8899999999999
1597.3
1625.8
1631.27
1636.7399999999998
1642.2099999999998
1879.62
1896.0299999999997
1912.4399999999998
1923.3799999999999
1934.32
1950.7299999999998
1961.6699999999998
1967.1399999999999
1972.61
2210.02
2226.43
2242.8399999999997
2248.31
2253.7799999999997
2259.25
2264.72
2275.66
2532.53
2538.0
2543.4700000000003
2548.94
2565.35
2581.76
2592.7000000000003
2603.64
2614.58
2630.9900000000002
2857.46
2893.33
2904.27
2909.74
2920.68
2926.15
2942.56
2948.0299999999997
3179.97
3190.91
3196.38
3212.79
3223.73
3259.6
3265.0699999999997
3276.0099999999998
3502.4799999999996
3507.95
3513.4199999999996
3524.3599999999997
3560.2299999999996
3576.6399999999994
3587.5799999999995
3598.5199999999995
3830.4599999999996
3846.8699999999994
3863.2799999999993
3879.6899999999996
3896.0999999999995
3901.5699999999997
3917.9799999999996
3928.9199999999996
4160.86
4166.33
4177.2699999999995
4188.209999999999
4193.679999999999
4204.62
4217.459999999999
4233.869999999999
4239.339999999999
4250.28
4477.914999999999
4483.384999999999
4488.855
4505.264999999999
4521.674999999999
4532.614999999999
4549.024999999999
4554.494999999999
4559.964999999999
4570.904999999999
4814.23
4825.169999999999
4830.639999999999
4847.049999999999
4852.5199999999995
4868.929999999999
4879.869999999999
4896.279999999999
4901.749999999999
5139.159999999999
5161.44
5166.91
5172.379999999999
5183.32
5188.79
5194.259999999999
5205.2
5210.669999999999
5216.139999999999
5471.584999999999
5507.454999999999
5512.924999999999
5523.864999999999
5529.334999999999
5540.274999999999
5784.304999999999
5795.244999999999
5800.714999999999
5811.655
5827.759999999999
5850.79
5861.73
6117.175
6145.675
6156.615
6167.555
6178.495
6188.425
6193.8949999999995
6199.365
6425.835
6431.305
6465.9349999999995
6482.344999999999
6498.754999999999
6504.224999999999
6748.255
6784.125
6789.595
6800.535
6816.945
6827.885
7083.33
7088.8
7104.905
7115.844999999999
7121.315
7144.345
7387.67
7404.08
7432.580000000001
7438.05
7448.990000000001
7465.400000000001
7481.81
7725.840000000001
7731.310000000001
7747.935
7753.405000000001
7781.905
7787.375
7792.125
7803.065
7808.535
8035.005
8040.474999999999
8056.885
8079.655000000001
8115.525
8372.395
8389.02
8399.96
8428.460000000001
8677.96
8694.369999999999
8728.064999999999
8744.17
8755.11
8766.050000000001
8992.52
9002.51
9007.980000000001
9024.085
9029.555
9063.250000000002
9068.720000000001
9074.190000000002
9323.69
9329.16
9334.63
9351.04
9356.51
9385.455
9401.865
9407.335
9639.275
9662.305
9673.245
9678.715
9695.125
9711.535
9961.035
9996.905
10007.845000000001
10020.685
10037.095
10293.965
10299.435000000001
10304.905
10339.535000000002
10355.945000000002
10361.415
10605.445
10610.915
10651.245
10662.185000000001
10919.055
10924.525
10935.465
10946.404999999999
10957.345
10973.755
10984.695
11000.800000000003
11246.025000000001
11251.235000000002
11275.430000000002
11286.370000000003
11297.725
11303.195000000002
11308.665
11313.415
11313.415
11337.640000000001
11574.315
11602.815
11625.845000000001
11654.79
11886.730000000001
11897.67
11908.61
11914.08
11919.550000000001
11930.49
11935.960000000001
11958.730000000001
12202.76
12225.789999999999
12236.73
12253.14
12269.55
12275.02
12286.404999999999
12291.875
12308.285
12557.785
12563.255
12586.055
12609.085000000001
12853.115
12864.499999999998
12900.369999999999
12928.869999999999
12939.81
12945.279999999999
13182.384999999998
13199.01
13211.85
13228.26
13239.2
13250.14
13494.17
13528.325000000003
13533.795000000002
13533.795000000002
13556.825000000003
13573.235000000002
13578.705000000002
13822.735
13856.890000000003
13850.715000000002
13866.390000000003
13877.330000000002
13893.740000000002
13906.580000000002
13912.050000000001
14143.990000000002
14149.460000000001
14185.330000000002
14196.270000000002
14201.740000000002
14230.24
14235.710000000001
14467.65
14473.12
14484.06
14499.734999999999
14510.675
14527.3
14542.975
14554.359999999999
14559.83
14786.3
14822.17
14826.92
14855.864999999998
14861.334999999997
14872.274999999998
15116.044999999996
15121.254999999996
15132.639999999998
15138.109999999997
15142.859999999997
15165.889999999998
15199.584999999997
15431.524999999998
15441.454999999996
15451.384999999995
15479.884999999995
15490.824999999993
15496.294999999995
15496.294999999995
15512.704999999994
15528.809999999996
15534.279999999995
15539.489999999996
15771.429999999995
15776.899999999996
15776.899999999996
15793.309999999996
15803.239999999994
15826.269999999993
15849.299999999994
15849.299999999994
15854.769999999995
16092.179999999995
16097.649999999994
16103.119999999995
16108.589999999995
16137.089999999995
16142.559999999994
16410.064999999995
16415.534999999996
16438.564999999995
16461.594999999994
16461.594999999994
16472.534999999996
16733.864999999994
16739.074999999993
16766.594999999994
16795.539999999994
16806.479999999996
16817.419999999995
17059.27499999999
17070.214999999993
17086.624999999993
17115.124999999993
17126.064999999995
17141.739999999994
17367.489999999994
17401.184999999994
17417.779999999995
17440.549999999992
17684.57999999999
17690.049999999992
17706.459999999992
17716.389999999992
17750.54499999999
17763.38499999999
17774.32499999999
18011.73499999999
18050.179999999993
18055.649999999994
18066.589999999993
18082.999999999993
18331.979999999992
18341.909999999993
18347.37999999999
18352.84999999999
18388.719999999994
18642.92499999999
18655.76499999999
18684.264999999992
18712.719999999994
18956.51999999999
18973.14499999999
18973.14499999999
18995.91499999999
19012.32499999999
19035.09499999999
19040.79499999999
19288.39499999999
19288.39499999999
19293.86499999999
19328.494999999995
19333.964999999993
19349.639999999992
19355.109999999993
19609.31499999999
19609.31499999999
19640.664999999994
19651.604999999992
19668.229999999996
19673.699999999997
19678.909999999996
19684.379999999997
19928.409999999996
19933.879999999994
19944.819999999996
19944.819999999996
19973.764999999996
20000.364999999994
20230.864999999994
20236.334999999995
20252.009999999995
20252.009999999995
20274.779999999995
20280.249999999996
20284.999999999996
20284.999999999996
20295.939999999995
20305.869999999995
20305.869999999995
20311.339999999997
20316.809999999998
20554.404999999995
20590.274999999998
20612.599999999995
20628.274999999994
20641.114999999998
20878.524999999998
20894.199999999997
20922.699999999997
20928.17
20956.67
20962.139999999996
21206.169999999995
21246.499999999996
21246.499999999996
21251.969999999998
21268.379999999997
21284.054999999997
21521.679999999993
21526.429999999993
21537.369999999995
21548.309999999994
21548.309999999994
21561.149999999994
21589.649999999994
21833.679999999993
21839.149999999994
21865.749999999996
21905.129999999994
22148.454999999994
22153.924999999992
22153.924999999992
22189.794999999995
22195.264999999992
22195.264999999992
22210.93999999999
22215.68999999999
22239.91499999999
22476.58999999999
22487.52999999999
22503.20499999999
22518.879999999994
22534.98499999999
22545.924999999992
22802.04499999999
22837.914999999994
22866.414999999994
23098.354999999996
23109.294999999995
23132.064999999995
23141.564999999995
23141.564999999995
23152.949999999993
23158.159999999993
23163.629999999994
23420.499999999993
23436.174999999992
23436.174999999992
23452.584999999992
23475.354999999996
23497.635
23753.754999999994
23776.784999999996
23782.254999999997
23787.004999999997
23814.984999999993
24070.139999999996
24075.609999999997
24086.059999999998
24102.684999999994
24138.554999999997
24376.149999999994
24392.559999999994
24416.784999999996
24443.385
24685.239999999994
24703.289999999994
24742.669999999995
25001.624999999993
25007.09499999999
25007.09499999999
25018.034999999993
25034.444999999992
25039.914999999994
25051.299999999996
25051.299999999996
25056.769999999993
25073.179999999993
25104.959999999995
25104.959999999995
25342.554999999997
25358.659999999993
25371.499999999993
25384.339999999993
25389.809999999994
25389.809999999994
25414.034999999993
25674.414999999994
25701.014999999992
25712.399999999994
25723.784999999993
25960.459999999992
25960.459999999992
25996.32999999999
26023.84999999999
26036.68999999999
26042.159999999993
26046.909999999993
26277.409999999993
26277.409999999993
26301.63499999999
26341.964999999993
26370.46499999999
26370.46499999999
26614.494999999988
26618.24999999999
26639.104999999992
26650.04499999999
26685.16499999999
26923.72499999999
26934.66499999999
26951.07499999999
26979.57499999999
26990.51499999999
27251.844999999987
27268.254999999986
27304.12499999999
27309.33499999999
27309.33499999999
27314.544999999987
27314.544999999987
27324.994999999988
27330.46499999999
27330.46499999999
27335.934999999987
27585.434999999987
27601.10999999999
27616.78499999999
27626.714999999993
27626.714999999993
27647.139999999992
27652.60999999999
27878.35999999999
27912.054999999993
27912.054999999993
27935.084999999992
27968.779999999984
27968.779999999984
28200.719999999987
28227.319999999985
28250.349999999988
28516.90499999998
28528.25999999998
28528.25999999998
28544.854999999985
28585.184999999983
28596.12499999998
28596.12499999998
28827.574999999983
28827.574999999983
28838.024999999983
28877.40499999998
28890.24499999998
29144.44999999998
29171.479999999978
29188.104999999978
29188.104999999978
29188.104999999978
29227.484999999975
29461.32499999997
29461.32499999997
29461.32499999997
29466.794999999973
29472.26499999997
29487.939999999973
29487.939999999973
29514.53999999997
29514.53999999997
29530.21499999997
29530.21499999997
29787.084999999974
29809.854999999974
29819.784999999974
29824.994999999977
29851.594999999976
29857.064999999973
29857.064999999973
30118.394999999975
30123.864999999976
30136.704999999973
30147.644999999975
30171.86999999997
30402.36999999997
30402.36999999997
30442.69999999997
30442.69999999997
30483.02999999997
30719.70499999997
30719.70499999997
30730.644999999968
30736.11499999997
30771.984999999968
30771.984999999968
30771.984999999968
30771.984999999968
30795.014999999967
30807.85499999997
30812.60499999997
30812.60499999997
31067.759999999973
31078.69999999997
31095.10999999997
31135.43999999997
31360.19499999997
31360.19499999997
31357.774999999972
31357.774999999972
31357.774999999972
31362.524999999972
31378.629999999965
31410.409999999967
31430.834999999966
31430.834999999966
31430.834999999966
31674.864999999965
31679.614999999965
31690.554999999968
31700.484999999964
31732.75499999997
31748.429999999968
31989.854999999967
32000.794999999966
32013.634999999966
32018.384999999966
32031.224999999966
32036.694999999967
32036.694999999967
32047.63499999997
32047.63499999997
32047.63499999997
32047.63499999997
32060.474999999966
32060.474999999966
32060.474999999966
32308.99499999997
32329.41999999997
32334.16999999997
32334.16999999997
32334.16999999997
32357.199999999968
32357.199999999968
32361.949999999968
32384.71999999997
32390.18999999997
32627.784999999967
32637.714999999964
32664.314999999962
32679.989999999965
32941.31999999996
32977.189999999966
32990.02999999996
32990.02999999996
32990.02999999996
32990.02999999996
32993.78499999996
32999.25499999996
32999.25499999996
33035.12499999996
33040.594999999965
33277.69999999996
33294.29499999996
33294.29499999996
33309.969999999965
33309.969999999965
33309.969999999965
33315.179999999964
33315.179999999964
33315.179999999964
33320.649999999965
33352.429999999964
33597.62499999996
33613.77499999996
33613.77499999996
33618.52499999996
33618.52499999996
33642.74999999996
33655.58999999996
33912.45999999996
33925.29999999997
33951.899999999965
33991.27999999996
33991.27999999996
34226.95999999996
34226.95999999996
34230.71499999996
34236.18499999996
34251.859999999964
34256.609999999964
34256.609999999964
34261.359999999964
34291.759999999966
34296.509999999966
34296.509999999966
34296.509999999966
34567.814999999966
34567.814999999966
34580.65499999996
34584.40999999996
34584.40999999996
34584.40999999996
34617.614999999954
34623.084999999955
34623.084999999955
34623.084999999955
34623.084999999955
34889.639999999956
34899.139999999956
34908.639999999956
34908.639999999956
34913.389999999956
34939.989999999954
35177.614999999954
35177.614999999954
35183.084999999955
35218.95499999995
35218.95499999995
35218.95499999995
35479.334999999955
35495.43999999995
35518.46999999995
35518.46999999995
35523.21999999995
35538.894999999946
35538.894999999946
35538.894999999946
35538.894999999946
35538.894999999946
35549.83499999995
35555.30499999995
35560.05499999995
35796.72999999995
35796.72999999995
35802.199999999946
35828.799999999945
35841.63999999995
35868.239999999954
35868.239999999954
36125.10999999995
36125.10999999995
36134.60999999995
36157.63999999995
36168.57999999995
36173.32999999995
36173.32999999995
36173.32999999995
36173.32999999995
36430.19999999995
36435.669999999955
36451.34499999995
36479.84499999994
36506.44499999995
36519.28499999995
36751.22499999995
36751.22499999995
36769.27499999995
36769.27499999995
36784.94999999995
36784.94999999995
36784.94999999995
36790.419999999955
36806.09499999995
36817.44999999995
36828.834999999955
36834.044999999955
36834.044999999955
36834.044999999955
37064.97499999995
37077.814999999944
37128.60999999995
37141.44999999995
37382.87499999995
37410.854999999945
37421.79499999995
37421.79499999995
37457.66499999995
37463.13499999995
37720.00499999995
37730.94499999995
37730.94499999995
37758.464999999946
37794.33499999995
38026.71999999994
38026.71999999994
38067.04999999995
38102.91999999995
38102.91999999995
38107.66999999995
38344.34499999995
38356.21999999994
38360.96999999994
38360.96999999994
38360.96999999994
38383.73999999994
38383.73999999994
38406.06499999994
38406.06499999994
38406.06499999994
38406.06499999994
38406.06499999994
38406.06499999994
38673.56999999994
38689.244999999944
38725.11499999994
38725.11499999994
38725.11499999994
38729.86499999994
38729.86499999994
38742.704999999936
38742.704999999936
38742.704999999936
38742.704999999936
38973.634999999944
38973.634999999944
38994.05999999994
38994.05999999994
38994.05999999994
38999.52999999994
39028.47499999994
39039.41499999994
39043.16999999994
39284.59499999994
39322.549999999945
39349.14999999994
39354.619999999944
39586.97499999995
39600.229999999945
39611.16999999995
39611.16999999995
39624.009999999944
39624.009999999944
39624.009999999944
39644.86499999994
39650.074999999946
39654.824999999946
39670.49999999995
39922.84999999995
39922.84999999995
39922.84999999995
39922.84999999995
39932.77999999995
39932.77999999995
39932.77999999995
39965.98499999995
39965.98499999995
39981.659999999945
39997.76499999995
39997.76499999995
40013.43999999995
40278.56999999995
40278.56999999995
40278.56999999995
40293.24999999995
40542.22999999995
40555.06999999995
40555.06999999995
40555.06999999995
40564.99999999995
40574.92999999996
40584.85999999996
40602.90999999995
40619.504999999954
40648.44999999996
40879.37999999996
40879.37999999996
40879.37999999996
40879.37999999996
40879.37999999996
40879.37999999996
40879.37999999996
40884.12999999996
40884.12999999996
40896.96999999996
40906.899999999965
40935.84499999996
40940.59499999996
40951.53499999996
40974.564999999966
40974.564999999966
41211.66999999998
41217.13999999998
41217.13999999998
41217.13999999998
41217.13999999998
41217.13999999998
41227.06999999996
41227.06999999996
41237.51999999997
41237.51999999997
41237.51999999997
41237.51999999997
41237.51999999997
41237.51999999997
41237.51999999997
41253.19499999997
41253.19499999997
41253.19499999997
41269.60499999997
41274.35499999997
41274.35499999997
41290.02999999996
41516.49999999996
41516.49999999996
41564.94999999996
41577.78999999997
41577.78999999997
41577.78999999997
41593.89499999997
41853.339999999975
41853.339999999975
41853.339999999975
41869.01499999998
41869.01499999998
41884.68999999997
41884.68999999997
41889.43999999997
41889.43999999997
41889.43999999997
41889.43999999997
41889.43999999997
41889.43999999997
42155.05999999998
42171.16499999997
42171.16499999997
42166.87499999997
42183.49999999997
42183.49999999997
42183.49999999997
42188.96999999997
42204.644999999975
42217.48499999998
42217.48499999998
42482.61499999998
42492.54499999998
42492.54499999998
42508.21999999998
42513.68999999998
42545.46999999998
42550.93999999998
42817.98499999998
42844.58499999998
43101.45499999999
43101.45499999999
43101.45499999999
43101.45499999999
43101.45499999999
43132.804999999986
43132.804999999986
43132.804999999986
43159.83499999998
43159.83499999998
43412.184999999976
43427.85999999998
43427.85999999998
43432.60999999998
43432.60999999998
43432.60999999998
43432.60999999998
43448.284999999974
43464.909999999974
43464.909999999974
43464.909999999974
43498.114999999976
43498.114999999976
43750.894999999975
43750.894999999975
43776.49999999997
43776.49999999997
43776.49999999997
43776.49999999997
43814.02499999997
43814.02499999997
43814.02499999997
43814.02499999997
44039.77499999997
44039.77499999997
44039.77499999997
44039.77499999997
44039.77499999997
44039.77499999997
44039.77499999997
44039.77499999997
44039.77499999997
44054.45499999997
44054.45499999997
44054.45499999997
44081.05499999997
44086.52499999997
44086.52499999997
44086.52499999997
44086.52499999997
44086.52499999997
44086.52499999997
44086.52499999997
44086.52499999997
44114.50499999997
44370.13499999997
44370.13499999997
44380.06499999997
44380.06499999997
44380.06499999997
44391.44999999997
44391.44999999997
44396.91999999997
44396.91999999997
44419.19999999997
44419.19999999997
44419.19999999997
44419.19999999997
44435.82499999997
44440.57499999997
44666.32499999997
44666.32499999997
44681.99999999997
44681.99999999997
44681.99999999997
44681.99999999997
44681.99999999997
44681.99999999997
44681.99999999997
44686.74999999997
44702.42499999997
44702.42499999997
44738.29499999997
44738.29499999997
44738.29499999997
44748.22499999996
44978.72499999996
44978.72499999996
