0
0
0
0
0
0
0
0
0
0
0
0
0
0
0
0
0
0
0
0
0
0
0
0
0
0
0
0
0
0
0
0
0
0
0
0
0
0
0
0
0
0
0
0
0
0
0
0
0
0
0
0
0
0
0
0
0
0
0
0
0
0
0
0
0
0
0
0
0
0
0
0
0
0
0
0
0
0
0
0
0
0
0
0
0
0
0
0
0
0
0
0
0
0
0
0
0
0
0
0
0
0
0
0
0
0
0
0
0
0
0
0
0
0
0
0
0
0
0
0
0
0
0
0
0
0
0
0
0
0
0
0
0
0
0
0
0
1
1
1
1
1
1
1
1
1
1
1
1
1
1
1
1
1
1
1
1
1
1
1
1
1
1
1
1
1
1
1
1
2
2
2
2
2
2
2
2
2
2
2
2
2
2
2
2
2
2
2
2
2
2
2
2
2
2
2
2
2
11
11
11
11
11
11
12
12
12
12
12
12
12
12
12
13
13
13
13
18
18
18
18
19
19
19
19
19
19
19
19
20
20
20
20
20
20
20
20
20
20
20
20
20
20
20
20
20
21
21
21
21
21
21
21
21
21
21
21
21
21
21
22
22
22
23
23
24
24
24
33
41
41
50
50
50
51
51
51
51
51
51
51
51
51
51
51
51
51
51
51
51
51
51
51
51
51
51
51
51
51
51
51
51
51
51
51
51
51
51
51
51
51
52
52
52
52
52
52
62
68
68
68
68
68
68
68
68
68
68
68
68
68
68
68
76
76
76
83
83
83
83
83
91
92
92
92
93
93
93
93
102
102
107
107
108
110
110
110
110
111
111
112
112
112
112
112
113
113
114
114
114
116
116
116
116
116
116
116
116
116
116
116
116
118
118
118
118
123
124
124
124
130
130
130
130
130
138
147
151
152
152
152
152
152
154
154
154
154
154
159
159
159
159
159
159
159
159
159
165
165
165
167
167
167
168
168
168
169
169
176
177
177
181
181
196
196
200
203
208
208
208
208
208
208
208
208
208
210
210
215
234
234
242
245
246
246
255
265
265
267
268
268
268
268
268
268
279
279
279
286
286
286
286
286
286
286
289
289
289
307
307
315
315
315
316
316
316
316
316
323
338
338
338
339
339
339
341
349
387
387
396
396
411
419
419
419
419
419
419
419
419
419
430
433
433
433
433
433
439
440
440
440
445
446
446
446
455
455
455
455
455
455
455
456
456
456
472
477
477
482
488
488
491
491
491
491
491
493
493
493
497
498
498
498
498
498
498
505
505
511
526
526
526
533
534
534
534
534
534
543
552
554
554
554
554
557
557
559
565
565
566
566
566
566
566
566
566
566
566
566
568
568
571
571
571
574
574
574
580
586
586
593
599
599
607
611
613
613
614
617
617
627
627
631
631
634
635
635
635
638
638
640
640
646
646
652
656
656
659
661
667
667
669
670
670
670
677
680
687
689
707
709
709
709
711
711
717
717
718
718
718
718
718
718
725
731
731
732
732
737
740
740
740
740
741
744
745
745
745
752
754
754
754
754
754
756
757
757
760
781
800
801
807
814
829
830
830
838
838
839
844
851
869
869
869
878
878
878
879
879
882
883
884
884
887
889
893
902
920
921
922
922
923
938
938
938
938
938
946
952
952
952
952
953
954
956
956
956
959
959
959
960
961
964
970
972
975
975
977
978
978
984
985
985
988
997
998
998
998
998
998
1007
1012
1014
1020
1021
1021
1021
1036
1054
1057
1068
1068
1074
1092
1093
1098
1099
1099
1100
1103
1105
1110
1110
1113
1115
1118
1123
1130
1148
1150
1159
1165
1165
1168
1168
1168
1171
1174
1178
1178
1178
1186
1202
1211
1212
1215
1216
1217
1217
1217
1236
1243
1244
1244
1249
1249
1257
1259
1259
1261
1268
1268
1268
1293
1296
1297
1298
1298
1298
1315
1315
1330
1330
1330
1338
1338
1339
1347
1350
1353
1353
1370
1371
1371
1371
1373
1374
1376
1376
1380
1380
1387
1387
1387
1388
1388
1388
1388
1388
1390
1395
1395
1395
1396
1396
1396
1398
1413
1432
1432
1448
1449
1452
1453
1454
1454
1455
1457
1458
1461
1464
1464
1469
1469
1471
1473
1491
1494
1494
1497
1548
1550
1551
1552
1557
1559
1560
1560
1560
1560
1562
1569
1575
1584
1584
1585
1591
1591
1592
1592
1593
1596
1601
1601
1609
1617
1625
1626
1627
1628
1628
1631
1634
1640
1641
1658
1660
1661
1669
1674
1677
1678
1684
1684
1684
1686
1689
1691
1696
1696
1696
1696
1697
1702
1705
1707
1709
1711
1712
1715
1725
1728
1728
1728
1729
1734
1734
1734
1735
1737
1737
1740
1743
1746
1769
1769
1772
1772
1788
1791
1794
1797
1799
1801
1809
1811
1813
1813
1820
1823
1841
1841
1844
1861
1861
1863
1866
1868
1873
1876
1879
1885
1886
1895
1898
1904
1905
1908
1909
1912
1913
1917
1918
1921
1921
1921
1923
1925
1925
1936
1936
1938
1943
1944
1947
1956
1956
1962
1962
1966
1976
1976
1979
1981
1984
1986
1992
1994
1997
2001
2002
2007
2026
2027
2037
2039
2042
2045
2054
2054
2055
2056
2062
2065
2070
2071
2077
2078
2081
2084
2101
2104
2105
2106
2115
2116
2119
2121
2124
2127
2129
2131
2134
2134
2136
2137
2152
2152
2154
2156
2159
2162
2165
2167
2170
2170
2176
2177
2179
2220
2223
2223
2225
2225
2332
2332
2335
2337
2340
2340
2359
2368
2369
2376
2377
2379
2395
2398
2401
2404
2412
2427
2429
2429
2430
2433
2435
2441
2442
