2.16
3.6
5.04
6.48
7.92
9.36
11.52
13.68
14.4
15.84
17.28
18.0
18.72
20.88
22.32
23.76
25.200000000000003
25.92
26.64
28.080000000000002
29.520000000000003
30.960000000000004
32.400000000000006
33.120000000000005
33.84
35.28
36.72
37.44
38.16
40.31999999999999
41.75999999999999
43.91999999999999
45.359999999999985
46.79999999999998
48.95999999999998
51.119999999999976
52.559999999999974
53.99999999999997
56.15999999999997
58.319999999999965
60.47999999999996
61.19999999999996
62.63999999999996
64.79999999999995
66.69999999999996
67.41999999999996
68.13999999999996
68.85999999999996
71.01999999999995
73.17999999999995
75.33999999999995
76.77999999999994
78.21999999999994
80.37999999999994
81.81999999999994
82.53999999999994
83.25999999999993
85.41999999999993
87.57999999999993
89.73999999999992
90.45999999999992
91.17999999999992
91.89999999999992
92.61999999999992
94.05999999999992
95.72999999999992
96.44999999999992
97.16999999999992
97.88999999999992
100.04999999999991
102.20999999999991
103.6499999999999
105.0899999999999
106.5299999999999
108.6899999999999
109.4099999999999
111.0799999999999
112.5199999999999
113.2399999999999
114.6799999999999
115.39999999999989
117.55999999999989
118.27999999999989
119.71999999999989
121.15999999999988
121.87999999999988
124.03999999999988
125.47999999999988
127.14999999999988
127.86999999999988
129.3099999999999
130.0299999999999
130.7499999999999
131.46999999999989
132.90999999999988
134.57999999999987
136.73999999999987
138.17999999999986
139.61999999999986
141.05999999999986
143.21999999999986
145.37999999999985
147.53999999999985
149.69999999999985
150.41999999999985
152.57999999999984
154.01999999999984
155.45999999999984
156.17999999999984
157.61999999999983
159.05999999999983
159.77999999999983
161.21999999999983
161.70999999999984
163.86999999999983
164.58999999999983
166.02999999999983
166.48999999999984
167.20999999999984
167.92999999999984
170.08999999999983
172.24999999999983
173.68999999999983
175.84999999999982
176.56999999999982
177.28999999999982
178.72999999999982
180.62999999999982
182.06999999999982
182.78999999999982
184.94999999999982
185.66999999999982
187.8299999999998
189.2699999999998
191.4299999999998
192.1499999999998
194.3099999999998
194.73999999999978
195.45999999999978
196.17999999999978
197.61999999999978
198.33999999999978
199.05999999999977
200.49999999999977
201.21999999999977
201.93999999999977
203.60999999999976
205.27999999999975
205.99999999999974
207.43999999999974
208.15999999999974
209.59999999999974
210.77999999999975
212.21999999999974
212.93999999999974
214.37999999999974
214.80999999999972
215.98999999999972
217.42999999999972
219.0999999999997
220.99999999999972
222.4399999999997
223.8799999999997
225.3199999999997
225.7499999999997
226.4699999999997
227.18999999999969
227.90999999999968
228.62999999999968
229.05999999999966
231.21999999999966
233.37999999999965
234.09999999999965
235.27999999999966
236.94999999999965
237.66999999999965
239.10999999999964
241.26999999999964
242.70999999999964
244.37999999999963
245.09999999999962
245.5299999999996
246.9699999999996
247.6899999999996
248.8699999999996
250.7699999999996
252.9299999999996
254.82999999999961
255.5499999999996
256.9899999999996
259.14999999999964
261.30999999999966
262.48999999999967
263.2099999999997
264.1599999999997
264.8799999999997
266.7799999999997
267.4999999999997
267.4999999999997
268.9399999999997
269.65999999999974
270.37999999999977
271.0999999999998
273.2599999999998
274.17999999999984
275.84999999999985
277.51999999999987
278.46999999999986
279.90999999999985
281.80999999999983
283.7099999999998
285.86999999999983
286.78999999999985
287.21999999999986
288.65999999999985
290.09999999999985
290.8199999999999
291.3099999999999
292.0299999999999
292.4599999999999
293.17999999999995
294.09999999999997
294.82
295.54
297.44
298.16
298.88000000000005
301.0400000000001
301.7600000000001
302.6800000000001
304.84000000000015
305.5600000000002
307.00000000000017
308.1800000000002
309.6200000000002
310.3400000000002
312.5000000000002
314.66000000000025
316.56000000000023
318.23000000000025
319.67000000000024
320.16000000000025
322.3200000000003
323.9900000000003
324.7100000000003
325.43000000000035
325.86000000000035
328.0200000000004
328.7400000000004
329.9200000000004
330.64000000000044
332.02000000000044
333.46000000000043
335.13000000000045
335.8500000000005
337.2900000000005
338.7300000000005
340.17000000000047
342.3300000000005
343.7700000000005
344.2000000000005
345.1500000000005
345.61000000000047
346.5300000000005
347.9700000000005
348.4000000000005
349.1200000000005
349.84000000000054
349.84000000000054
349.84000000000054
350.79000000000053
350.79000000000053
352.6900000000005
353.8700000000005
354.79000000000053
356.23000000000053
357.6700000000005
359.1100000000005
359.83000000000055
360.5500000000006
361.9900000000006
362.7100000000006
363.6300000000006
364.8100000000006
365.99000000000063
367.43000000000063
369.59000000000066
371.7500000000007
372.4700000000007
372.9300000000007
373.6500000000007
375.81000000000074
377.7100000000007
378.43000000000075
379.38000000000073
380.56000000000074
381.74000000000075
382.2000000000007
383.87000000000074
385.7700000000007
387.2100000000007
387.93000000000075
388.36000000000075
389.31000000000074
389.80000000000075
391.9600000000008
393.4000000000008
394.84000000000077
396.0200000000008
397.4000000000008
398.1200000000008
398.1200000000008
399.3000000000008
401.46000000000083
402.18000000000086
403.36000000000087
404.74000000000086
404.74000000000086
404.74000000000086
406.18000000000086
408.3400000000009
408.8300000000009
409.5500000000009
410.9900000000009
411.71000000000095
413.38000000000096
414.82000000000096
415.540000000001
417.44000000000096
418.160000000001
419.600000000001
420.320000000001
421.760000000001
421.760000000001
423.200000000001
424.150000000001
424.150000000001
424.610000000001
425.330000000001
426.05000000000103
427.72000000000105
427.72000000000105
428.64000000000107
429.3600000000011
430.8000000000011
431.7200000000011
432.1800000000011
432.64000000000107
433.3600000000011
433.3600000000011
434.5400000000011
435.4600000000011
436.9000000000011
437.3300000000011
437.7600000000011
439.6600000000011
441.1000000000011
441.82000000000113
441.82000000000113
443.98000000000116
444.41000000000116
445.1300000000012
445.59000000000117
447.03000000000117
447.7500000000012
447.7500000000012
449.9100000000012
450.3400000000012
451.52000000000123
452.70000000000124
452.70000000000124
453.42000000000127
455.5800000000013
456.3000000000013
457.02000000000135
457.7400000000014
459.64000000000135
460.3600000000014
461.7400000000014
462.4600000000014
463.6400000000014
464.8200000000014
464.8200000000014
466.2600000000014
467.6400000000014
468.1000000000014
469.0200000000014
469.9400000000014
471.3800000000014
472.8200000000014
473.2500000000014
474.6900000000014
476.85000000000144
478.7500000000014
480.1900000000014
480.1900000000014
480.1900000000014
481.11000000000143
482.03000000000145
482.95000000000147
484.1300000000015
484.8500000000015
487.0100000000015
487.44000000000153
488.8200000000015
489.31000000000154
490.75000000000153
492.91000000000156
493.8300000000016
494.5500000000016
495.9900000000016
498.1500000000016
499.5300000000016
499.9600000000016
500.68000000000166
501.4000000000017
503.0700000000017
503.5000000000017
503.9900000000017
505.8900000000017
506.3200000000017
507.2700000000017
508.2200000000017
508.2200000000017
509.1400000000017
511.3000000000017
512.2200000000017
513.1700000000018
513.1700000000018
513.1700000000018
513.8900000000018
514.3200000000019
515.0400000000019
515.0400000000019
515.7600000000019
516.190000000002
516.190000000002
516.190000000002
517.630000000002
518.5800000000021
519.3000000000021
519.7600000000022
520.4800000000022
521.6600000000021
522.3800000000022
523.8200000000022
523.8200000000022
524.7400000000022
524.7400000000022
524.7400000000022
525.4600000000022
525.4600000000022
525.4600000000022
526.3800000000022
527.1000000000022
527.1000000000022
527.1000000000022
528.5400000000022
528.9700000000022
528.9700000000022
529.6900000000022
530.4100000000022
531.3300000000022
533.0000000000022
534.9000000000021
534.9000000000021
535.3900000000021
537.5500000000021
537.5500000000021
539.4500000000021
540.1700000000021
542.0700000000021
542.7900000000021
543.9700000000021
545.3500000000021
545.3500000000021
546.0700000000021
548.2300000000021
548.2300000000021
549.1800000000021
549.1800000000021
550.6200000000022
552.0600000000022
552.0600000000022
552.5500000000022
554.4500000000022
555.6300000000022
556.3500000000022
556.3500000000022
556.7800000000021
558.6800000000021
559.4000000000021
559.4000000000021
561.0700000000021
561.7900000000021
561.7900000000021
561.7900000000021
561.7900000000021
562.7400000000022
562.7400000000022
564.1800000000022
564.1800000000022
564.1800000000022
564.6100000000022
566.0500000000022
566.9700000000022
568.6400000000021
570.5400000000021
571.9800000000022
573.4200000000022
574.3400000000022
574.3400000000022
574.3400000000022
574.8000000000022
575.2600000000023
575.9800000000023
577.6500000000023
577.6500000000023
577.6500000000023
579.8100000000022
580.7300000000022
581.1600000000021
582.0800000000021
583.260000000002
583.9800000000021
583.9800000000021
585.3600000000021
586.740000000002
587.4600000000021
588.4100000000021
589.3600000000022
591.0300000000021
591.9500000000021
594.1100000000021
595.0600000000021
595.0600000000021
595.490000000002
596.4400000000021
596.870000000002
597.300000000002
598.020000000002
598.020000000002
599.4600000000021
601.620000000002
602.3400000000021
602.8000000000021
602.8000000000021
603.5200000000021
605.6800000000021
606.1100000000021
606.1100000000021
607.030000000002
607.460000000002
607.950000000002
608.440000000002
609.160000000002
609.160000000002
610.1100000000021
610.540000000002
610.540000000002
611.000000000002
611.4600000000021
611.4600000000021
611.4600000000021
613.130000000002
614.050000000002
614.540000000002
615.260000000002
615.260000000002
615.260000000002
615.260000000002
616.2100000000021
617.5900000000021
619.490000000002
619.490000000002
620.670000000002
621.100000000002
621.5300000000019
622.970000000002
623.8900000000019
624.350000000002
625.790000000002
627.950000000002
629.850000000002
631.290000000002
632.670000000002
634.830000000002
636.5000000000019
636.960000000002
636.960000000002
637.420000000002
637.420000000002
638.370000000002
639.0900000000021
639.0900000000021
639.8100000000021
641.7100000000021
641.7100000000021
641.7100000000021
642.140000000002
642.140000000002
642.140000000002
642.8600000000021
642.8600000000021
643.780000000002
643.780000000002
644.960000000002
645.8800000000019
645.8800000000019
647.320000000002
647.320000000002
648.5000000000019
648.9300000000019
649.3600000000018
649.3600000000018
650.2800000000018
651.6600000000018
653.1000000000018
653.1000000000018
654.0500000000019
654.0500000000019
655.0000000000019
655.4300000000019
655.9200000000019
656.3500000000018
656.7800000000018
657.7300000000018
657.7300000000018
657.7300000000018
658.1600000000018
658.6500000000018
658.6500000000018
658.6500000000018
659.3700000000018
660.0900000000019
660.0900000000019
660.0900000000019
660.0900000000019
660.0900000000019
660.0900000000019
660.0900000000019
661.7600000000018
662.6800000000018
663.1100000000017
663.5700000000018
663.5700000000018
664.2900000000018
664.2900000000018
665.6700000000018
666.3900000000018
666.8800000000018
668.3200000000019
669.2700000000019
669.2700000000019
669.2700000000019
670.6500000000019
670.6500000000019
672.0300000000019
672.0300000000019
672.0300000000019
673.470000000002
674.190000000002
675.860000000002
675.860000000002
675.860000000002
675.860000000002
677.0400000000019
677.5300000000019
677.5300000000019
677.5300000000019
678.9100000000019
680.350000000002
682.5100000000019
683.8900000000019
684.3200000000019
684.3200000000019
684.7500000000018
684.7500000000018
684.7500000000018
684.7500000000018
685.1800000000018
685.6100000000017
685.6100000000017
685.6100000000017
685.6100000000017
686.7900000000017
686.7900000000017
688.2300000000017
688.6600000000017
689.5800000000016
689.5800000000016
689.5800000000016
691.0200000000017
691.5100000000017
691.5100000000017
692.0000000000017
692.7200000000017
692.7200000000017
694.1600000000018
694.1600000000018
694.1600000000018
694.1600000000018
694.6500000000018
694.6500000000018
694.6500000000018
695.5700000000018
695.5700000000018
695.5700000000018
695.5700000000018
695.5700000000018
696.7500000000017
696.7500000000017
696.7500000000017
697.6700000000017
698.3900000000017
699.3100000000017
699.7400000000016
699.7400000000016
699.7400000000016
701.1200000000016
702.7900000000016
703.2800000000016
703.2800000000016
703.2800000000016
703.2800000000016
703.7100000000015
704.4300000000015
704.4300000000015
706.1000000000015
706.8200000000015
707.2500000000015
708.1700000000014
708.1700000000014
708.1700000000014
708.1700000000014
708.1700000000014
708.6300000000015
708.6300000000015
708.6300000000015
709.3500000000015
709.7800000000015
710.7000000000014
712.6000000000014
712.6000000000014
712.6000000000014
712.6000000000014
713.5500000000014
714.0400000000014
715.7100000000014
716.2000000000014
716.2000000000014
716.6300000000014
716.6300000000014
717.0600000000013
717.0600000000013
717.4900000000013
718.2100000000013
718.2100000000013
718.2100000000013
718.2100000000013
718.2100000000013
719.1600000000013
719.1600000000013
719.1600000000013
719.1600000000013
719.5900000000013
719.5900000000013
720.0800000000013
720.5100000000012
720.5100000000012
720.5100000000012
720.9400000000012
721.6600000000012
721.6600000000012
721.6600000000012
721.6600000000012
722.0900000000012
722.0900000000012
722.0900000000012
722.0900000000012
722.0900000000012
722.0900000000012
723.0400000000012
723.0400000000012
723.7600000000012
725.4300000000012
725.4300000000012
725.4300000000012
725.8600000000012
726.2900000000011
727.470000000001
727.470000000001
727.470000000001
727.470000000001
727.470000000001
727.470000000001
727.470000000001
727.470000000001
728.9100000000011
729.6300000000011
729.6300000000011
729.6300000000011
729.6300000000011
730.3500000000012
730.3500000000012
730.8400000000012
730.8400000000012
730.8400000000012
732.5100000000011
732.5100000000011
732.5100000000011
733.6900000000011
735.1300000000011
735.1300000000011
735.1300000000011
735.1300000000011
735.1300000000011
736.8000000000011
737.5200000000011
737.5200000000011
739.4200000000011
739.4200000000011
739.9100000000011
741.3500000000012
741.3500000000012
742.3000000000012
742.3000000000012
742.3000000000012
742.3000000000012
742.3000000000012
743.0200000000012
743.0200000000012
743.4500000000012
743.9100000000012
744.3700000000013
744.3700000000013
744.3700000000013
744.8000000000012
745.2900000000012
746.2100000000012
746.7000000000012
746.7000000000012
748.0800000000012
749.5200000000012
749.5200000000012
751.1900000000012
751.9100000000012
753.5800000000012
755.0200000000012
755.0200000000012
755.9400000000012
757.6100000000012
758.0700000000012
758.0700000000012
759.4500000000012
761.1200000000011
761.1200000000011
761.1200000000011
761.1200000000011
762.0700000000012
762.0700000000012
762.0700000000012
762.0700000000012
762.9900000000011
762.9900000000011
764.8900000000011
764.8900000000011
764.8900000000011
764.8900000000011
764.8900000000011
764.8900000000011
766.2700000000011
766.2700000000011
767.9400000000011
767.9400000000011
767.9400000000011
767.9400000000011
767.9400000000011
768.4300000000011
768.4300000000011
768.4300000000011
768.4300000000011
768.860000000001
768.860000000001
768.860000000001
768.860000000001
768.860000000001
769.5800000000011
770.500000000001
771.9400000000011
772.370000000001
772.370000000001
772.800000000001
772.800000000001
773.520000000001
773.950000000001
774.3800000000009
775.820000000001
775.820000000001
776.310000000001
776.310000000001
776.310000000001
776.7400000000009
777.200000000001
777.200000000001
777.200000000001
777.200000000001
777.200000000001
777.200000000001
777.200000000001
777.6300000000009
777.6300000000009
777.6300000000009
778.0600000000009
778.0600000000009
778.0600000000009
778.4900000000008
778.4900000000008
778.4900000000008
778.9200000000008
778.9200000000008
778.9200000000008
779.3500000000007
780.7300000000007
781.2200000000007
781.2200000000007
781.2200000000007
781.6500000000007
782.0800000000006
782.5100000000006
783.4600000000006
784.3800000000006
785.3000000000005
785.7300000000005
785.7300000000005
785.7300000000005
785.7300000000005
785.7300000000005
785.7300000000005
785.7300000000005
785.7300000000005
785.7300000000005
786.2200000000005
786.6500000000004
787.5700000000004
787.5700000000004
789.0100000000004
790.1900000000004
790.1900000000004
790.6200000000003
791.3400000000004
791.3400000000004
791.3400000000004
791.3400000000004
791.3400000000004
791.7700000000003
791.7700000000003
792.7200000000004
792.7200000000004
792.7200000000004
792.7200000000004
792.7200000000004
792.7200000000004
792.7200000000004
792.7200000000004
792.7200000000004
792.7200000000004
794.8800000000003
794.8800000000003
794.8800000000003
794.8800000000003
795.6000000000004
795.6000000000004
795.6000000000004
796.0900000000004
796.0900000000004
796.0900000000004
796.5200000000003
797.4400000000003
797.4400000000003
797.4400000000003
797.4400000000003
797.4400000000003
797.4400000000003
797.4400000000003
797.4400000000003
797.4400000000003
797.4400000000003
797.4400000000003
797.4400000000003
797.4400000000003
798.3600000000002
798.7900000000002
798.7900000000002
799.2500000000002
800.2000000000003
800.2000000000003
800.2000000000003
800.9200000000003
800.9200000000003
801.4100000000003
801.4100000000003
801.8400000000003
802.2700000000002
802.2700000000002
802.2700000000002
802.9900000000002
803.4200000000002
804.1400000000002
805.0600000000002
805.0600000000002
806.7300000000001
806.7300000000001
806.7300000000001
806.7300000000001
806.7300000000001
806.7300000000001
806.7300000000001
806.7300000000001
807.1600000000001
807.1600000000001
807.1600000000001
807.1600000000001
807.1600000000001
807.1600000000001
807.1600000000001
807.1600000000001
807.1600000000001
807.1600000000001
808.1100000000001
808.1100000000001
808.1100000000001
808.5400000000001
808.5400000000001
808.97
808.97
809.4
809.4
809.4
809.4
809.4
809.4
809.4
809.4
809.4
809.4
809.4
809.4
809.4
809.4
809.4
809.4
809.4
809.8299999999999
809.8299999999999
809.8299999999999
809.8299999999999
810.55
810.55
810.55
810.55
810.55
810.55
810.55
810.55
811.93
812.3599999999999
812.3599999999999
812.7899999999998
812.7899999999998
812.7899999999998
813.2499999999999
813.2499999999999
813.9699999999999
813.9699999999999
814.3999999999999
814.3999999999999
814.3999999999999
814.3999999999999
815.3499999999999
815.3499999999999
815.3499999999999
815.3499999999999
815.3499999999999
815.3499999999999
815.3499999999999
815.3499999999999
815.3499999999999
815.3499999999999
815.3499999999999
815.3499999999999
815.3499999999999
815.3499999999999
817.0199999999999
817.0199999999999
817.0199999999999
817.4499999999998
817.4499999999998
817.4499999999998
