0.021
0.05999999999999999
0.09299999999999999
0.15899999999999997
0.2520000000000001
0.5022000000000001
0.9561499999999995
1.4251000000000003
2.378
3.082150000000001
5.133550000000002
7.5848999999999975
10.732599999999998
13.669449999999998
17.704800000000013
22.639500000000012
26.766700000000014
33.21815000000003
38.059400000000025
44.76495000000004
52.074850000000104
57.80150000000016
63.06745000000018
68.95130000000022
73.96330000000023
79.85505000000026
83.65660000000024
86.57130000000026
89.08115000000029
