3
5
7
9
11
13
16
19
20
22
24
25
26
29
31
33
35
36
37
39
41
43
45
46
47
49
51
52
53
56
58
61
63
65
68
71
73
75
78
81
84
85
87
90
93
94
95
96
99
102
105
107
109
112
114
115
116
119
122
125
126
127
128
129
131
134
135
136
137
140
143
145
147
149
152
153
156
158
159
161
162
165
166
168
170
171
174
176
179
180
182
183
184
185
187
190
193
195
197
199
202
205
208
211
212
215
217
219
220
222
224
225
227
228
231
232
234
234
235
236
239
242
244
247
248
249
251
254
256
257
260
261
264
266
269
270
273
274
275
276
278
279
280
282
283
284
287
290
291
293
294
296
298
300
301
303
304
306
308
311
314
316
318
320
321
322
323
324
325
326
329
332
333
335
338
339
341
344
346
349
350
351
353
354
356
359
362
365
366
368
371
374
376
377
379
380
383
384
384
386
387
388
389
392
394
397
400
402
404
407
410
413
415
416
418
420
421
423
424
425
426
428
429
430
433
434
435
438
439
441
444
445
447
449
451
452
455
458
461
464
466
467
470
473
474
475
476
479
480
482
483
486
488
491
492
494
496
498
501
503
504
506
507
508
510
510
511
512
512
512
514
514
517
519
521
523
525
527
528
529
531
532
534
536
538
540
543
546
547
548
549
552
555
556
558
560
562
563
566
569
571
572
573
575
576
579
581
583
585
588
589
589
591
594
595
597
600
600
600
602
605
606
607
609
610
613
615
616
619
620
622
623
625
625
627
629
629
630
631
632
635
635
637
638
640
642
643
644
645
645
647
649
651
652
653
656
658
659
659
662
663
664
665
667
668
668
671
672
674
676
676
677
680
681
682
683
686
687
690
691
693
695
695
697
700
701
703
705
707
709
710
712
715
718
720
720
720
722
724
726
728
729
732
733
736
737
739
742
744
745
747
750
753
754
755
756
759
760
761
764
765
767
769
769
771
774
776
777
777
777
778
779
780
780
781
782
782
782
784
786
787
788
789
791
792
794
794
796
796
796
797
797
797
799
800
800
800
802
803
803
804
805
807
810
813
813
814
817
817
820
821
824
825
827
830
830
831
834
834
836
836
838
840
840
841
844
846
847
847
848
851
852
852
855
856
856
856
856
858
858
860
860
860
861
863
865
868
871
873
875
877
877
877
878
879
880
883
883
883
886
888
889
891
893
894
894
897
900
901
903
905
908
910
913
915
915
916
918
919
920
921
921
923
926
927
928
928
929
932
933
933
935
936
937
938
939
939
941
942
942
943
944
944
944
947
949
950
951
951
951
951
953
956
959
959
961
962
963
965
967
968
970
973
976
978
981
984
987
988
988
989
989
991
992
992
993
996
996
996
997
997
997
998
999
1001
1001
1003
1005
1005
1007
1007
1009
1010
1010
1010
1012
1015
1017
1017
1019
1019
1021
1022
1023
1024
1025
1027
1027
1027
1028
1029
1029
1029
1030
1031
1031
1031
1031
1031
1031
1031
1034
1036
1037
1038
1038
1039
1039
1042
1043
1044
1046
1048
1048
1048
1051
1051
1054
1054
1054
1056
1057
1060
1060
1060
1060
1062
1063
1063
1063
1066
1068
1071
1074
1075
1075
1076
1076
1076
1076
1077
1078
1078
1078
1078
1080
1080
1082
1083
1085
1085
1085
1087
1088
1088
1089
1090
1090
1092
1092
1092
1092
1093
1093
1093
1095
1095
1095
1095
1095
1097
1097
1097
1099
1100
1102
1103
1103
1103
1106
1109
1110
1110
1110
1110
1111
1112
1112
1115
1116
1117
1119
1119
1119
1119
1119
1120
1120
1120
1121
1122
1123
1126
1126
1126
1126
1128
1129
1132
1133
1133
1134
1134
1135
1135
1136
1137
1137
1137
1137
1137
1139
1139
1139
1139
1140
1140
1141
1142
1142
1142
1143
1144
1144
1144
1144
1145
1145
1145
1145
1145
1145
1147
1147
1148
1151
1151
1151
1152
1153
1155
1155
1155
1155
1155
1155
1155
1155
1157
1158
1158
1158
1158
1159
1159
1160
1160
1160
1163
1163
1163
1165
1167
1167
1167
1167
1167
1170
1171
1171
1174
1174
1175
1177
1177
1179
1179
1179
1179
1179
1180
1180
1180
1181
1182
1182
1182
1183
1184
1186
1187
1187
1190
1192
1192
1195
1196
1199
1201
1201
1203
1206
1207
1207
1210
1213
1213
1213
1213
1214
1214
1214
1214
1216
1216
1219
1219
1219
1219
1219
1219
1222
1222
1225
1225
1225
1225
1225
1226
1226
1226
1226
1227
1227
1227
1227
1227
1228
1230
1232
1233
1233
1234
1234
1235
1235
1236
1238
1238
1239
1239
1239
1240
1241
1241
1241
1241
1241
1241
1241
1242
1242
1242
1243
1243
1243
1244
1244
1244
1245
1245
1245
1246
1249
1250
1250
1250
1251
1252
1253
1255
1257
1259
1260
1260
1260
1260
1260
1260
1260
1261
1261
1262
1263
1265
1265
1267
1269
1269
1270
1271
1271
1271
1271
1271
1272
1272
1274
1274
1274
1274
1274
1274
1274
1274
1274
1274
1277
1277
1277
1277
1278
1278
1278
1279
1279
1279
1280
1282
1282
1282
1282
1282
1282
1282
1282
1282
1282
1282
1282
1282
1284
1285
1285
1284
1286
1286
1286
1287
1287
1288
1288
1289
1290
1290
1290
1291
1292
1293
1295
1295
1298
1298
1298
1298
1298
1298
1298
1298
1299
1299
1299
1299
1299
1300
1300
1300
1300
1300
1302
1302
1302
1303
1303
1304
1304
1305
1305
1305
1305
1305
1305
1305
1305
1305
1305
1305
1305
1305
1305
1305
1305
1305
1306
1306
1306
1306
1307
1307
1307
1307
1307
1307
1307
1307
1310
1311
1311
1312
1312
1312
1313
1313
1314
1314
1315
1315
1315
1315
1317
1317
1317
1317
1317
1317
1317
1317
1317
1317
1317
1317
1317
1317
1320
1320
1320
1321
1321
1321
