3
5
7
9
11
13
16
19
20
22
24
25
26
29
31
33
35
36
37
39
41
43
45
46
47
49
51
52
53
56
58
61
63
65
68
71
73
75
78
81
84
85
87
90
95
96
97
98
101
104
107
109
111
114
116
117
118
121
124
127
128
129
130
131
133
139
140
141
142
145
148
150
152
154
157
158
164
166
167
169
170
173
174
176
178
179
182
184
190
191
193
194
195
196
198
204
207
209
211
213
216
219
222
225
226
229
231
233
234
236
238
239
241
243
246
247
249
251
252
253
256
259
261
264
265
266
268
273
275
276
279
280
283
285
288
289
292
296
297
298
300
301
302
304
305
306
312
318
319
321
322
324
328
330
331
333
337
341
343
349
354
356
358
360
364
365
366
367
368
372
375
378
379
383
389
390
392
395
397
403
404
408
410
411
415
420
423
428
429
431
434
437
441
442
447
448
453
454
454
456
457
458
459
462
468
474
480
485
487
492
497
500
506
510
512
514
515
518
519
523
524
530
531
532
537
538
539
542
543
549
552
553
555
559
561
562
565
568
573
579
581
583
586
592
593
594
598
601
602
606
607
616
618
624
625
627
629
631
634
636
640
645
648
653
655
658
659
660
660
660
665
665
670
674
680
682
684
686
687
688
690
691
697
701
705
707
710
713
714
717
718
721
726
727
732
736
740
743
749
754
756
757
761
766
768
771
773
775
779
788
789
789
793
796
797
801
810
810
810
812
815
817
818
820
821
827
829
830
835
836
838
839
841
841
843
848
848
851
852
853
859
859
865
866
868
874
877
880
881
881
885
891
893
897
901
906
908
909
909
912
916
917
920
922
923
923
926
930
934
938
938
939
942
943
944
945
950
951
960
961
965
969
969
971
980
983
989
995
997
999
1003
1005
1008
1013
1015
1015
1015
1021
1027
1033
1037
1038
1041
1045
1054
1056
1058
1061
1067
1068
1070
1073
1082
1086
1087
1088
1094
1098
1100
1105
1109
1114
1119
1119
1125
1128
1134
1138
1138
1138
1139
1143
1144
1144
1145
1149
1149
1149
1151
1156
1157
1160
1161
1165
1166
1168
1168
1174
1174
1174
1175
1175
1175
1181
1182
1182
1182
1184
1188
1188
1189
1190
1196
1202
1207
1207
1209
1212
1212
1217
1218
1223
1224
1228
1237
1237
1238
1241
1241
1246
1246
1248
1250
1250
1252
1257
1261
1262
1262
1266
1271
1272
1272
1278
1279
1279
1279
1279
1284
1284
1286
1286
1286
1290
1292
1298
1304
1309
1311
1313
1319
1319
1319
1322
1325
1326
1332
1332
1332
1335
1341
1345
1351
1355
1356
1356
1365
1374
1375
1380
1385
1391
1397
1400
1405
1405
1409
1414
1418
1422
1423
1423
1425
1428
1429
1432
1432
1433
1436
1440
1440
1446
1450
1452
1454
1455
1455
1460
1464
1464
1467
1470
1470
1470
1476
1482
1484
1485
1485
1485
1485
1490
1499
1504
1504
1508
1512
1516
1518
1524
1527
1529
1532
1537
1539
1548
1551
1557
1560
1560
1563
1563
1568
1569
1569
1570
1575
1575
1575
1579
1579
1579
1580
1581
1587
1587
1591
1597
1597
1599
1599
1603
1607
1610
1610
1616
1625
1627
1627
1632
1632
1637
1641
1643
1647
1651
1656
1656
1656
1660
1662
1662
1662
1663
1664
1664
1664
1664
1664
1664
1664
1670
1676
1680
1683
1683
1684
1684
1693
1694
1696
1698
1703
1703
1703
1712
1712
1721
1721
1721
1723
1724
1730
1730
1730
1730
1734
1736
1736
1736
1745
1747
1750
1759
1763
1763
1767
1767
1767
1767
1771
1775
1775
1775
1775
1779
1779
1781
1785
1791
1791
1791
1793
1795
1795
1797
1798
1798
1800
1800
1800
1800
1802
1802
1802
1808
1808
1808
1808
1808
1812
1812
1812
1818
1819
1825
1829
1829
1829
1838
1844
1846
1846
1846
1846
1850
1851
1851
1857
1858
1862
1868
1868
1868
1868
1868
1871
1871
1871
1872
1876
1881
1886
1886
1886
1886
1891
1893
1899
1901
1901
1905
1905
1909
1909
1913
1914
1914
1914
1914
1914
1919
1919
1919
1919
1923
1923
1925
1929
1929
1929
1933
1934
1934
1934
1934
1938
1938
1938
1938
1938
1938
1943
1943
1944
1950
1950
1950
1954
1958
1962
1962
1962
1962
1962
1962
1962
1962
1964
1965
1965
1965
1965
1966
1966
1968
1968
1968
1974
1974
1974
1978
1980
1980
1980
1980
1980
1986
1987
1987
1992
1992
1994
1996
1996
2001
2001
2001
2001
2001
2002
2002
2005
2008
2011
2011
2011
2015
2017
2023
2025
2025
2034
2036
2036
2042
2043
2049
2051
2051
2057
2063
2066
2066
2075
2081
2081
2081
2081
2085
2085
2085
2085
2091
2091
2096
2096
2096
2096
2096
2096
2105
2105
2111
2111
2111
2111
2111
2113
2113
2113
2113
2117
2117
2117
2117
2117
2118
2124
2126
2130
2130
2134
2134
2135
2138
2142
2144
2144
2146
2146
2146
2150
2153
2153
2153
2153
2153
2153
2153
2157
2157
2157
2161
2161
2161
2165
2165
2165
2169
2169
2169
2173
2182
2184
2184
2184
2188
2192
2196
2201
2207
2213
2217
2217
2217
2217
2217
2217
2217
2218
2218
2220
2224
2230
2230
2232
2236
2236
2240
2241
2241
2241
2241
2241
2245
2245
2250
2250
2250
2250
2250
2250
2250
2250
2250
2250
2253
2253
2253
2253
2254
2254
2254
2256
2256
2256
2260
2266
2266
2266
2266
2266
2266
2266
2266
2266
2266
2266
2266
2266
2272
2276
2276
2277
2282
2282
2282
2283
2283
2285
2285
2289
2293
2293
2293
2294
2298
2299
2305
2305
2311
2311
2311
2311
2311
2311
2311
2311
2315
2315
2315
2315
2315
2316
2316
2316
2316
2316
2321
2321
2321
2325
2325
2329
2329
2333
2333
2333
2333
2333
2333
2333
2333
2333
2333
2333
2333
2333
2333
2333
2333
2333
2337
2337
2337
2337
2338
2338
2338
2338
2338
2338
2338
2338
2347
2351
2351
2355
2355
2355
2358
2358
2359
2359
2363
2363
2363
2363
2368
2368
2368
2368
2368
2368
2368
2368
2368
2368
2368
2368
2368
2368
2374
2374
2374
2378
2378
2378
